35268554 149052680 159272
35268548 149052676 372252
35268541 149052671 48152
35268536 149052666 45374
35268531 149052663 364844
35268528 149052659 320396
35268524 149052653 329656
35268520 149052643 48152
35268520 149052631 618568
35268523 149052622 616716
35268526 149052616 525968
35268524 149052617 28706
35268514 149052630 418552
35268498 149052656 1320476
35268478 149052696 205572
35268456 149052746 2729848
35268430 149052800 2998388
35268396 149052858 3424348
35268351 149052917 3955872
35268298 149052972 4415168
35268238 149053019 4548512
35268172 149053060 4635556
35268102 149053098 4859648
35268031 149053135 4994844
35267968 149053167 4724452
35267912 149053195 4054028
35267856 149053217 3798452
35267798 149053228 377808
35267738 149053223 3874384
35267679 149053200 3978096
35267625 149053160 406514
35267581 149053106 4087364
35267548 149053042 4068844
35267527 149052971 4020692
35267518 149052900 3839196
35267513 149052835 353732
35267511 149052779 3155808
35267511 149052739 2594652
35267512 149052715 162976
35267513 149052705 770432
35267514 149052702 262984
35267514 149052702 053708
35267515 149052698 098156
35267514 149052685 377808
35267506 149052662 1135276
35267484 149052642 1737176
35267445 149052634 2229808
35267395 149052635 2989128
35267333 149052642 3678072
35267264 149052647 4331828
35267190 149052646 454666
35267111 149052632 494484
35267030 149052605 5318944
35266951 149052563 554674
35266878 149052504 5580076
35266813 149052429 5763424
35266755 149052343 594492
35266699 149052252 605604
35266643 149052160 6091228
35266588 149052070 605604
35266532 149051980 6031964
35266477 149051892 5950476
35266422 149051807 5878248
35266365 149051728 5770832
35266302 149051659 565786
35266232 149051603 5517108
35266155 149051561 5567112
35266071 149051535 5678232
35265984 149051523 5737496
35265897 149051520 5761572
35265813 149051516 5624524
35265733 149051508 5457844
35265658 149051489 5161524
35265591 149051458 4952248
35265533 149051417 4670744
35265485 149051373 4320716
35265446 149051333 3857716
35265415 149051302 3224332
35265395 149051283 2377968
35265387 149051277 1331588
35265387 149051276 348176
35265405 149051287 050004
35265406 149051287 087044
35265408 149051287 062968
35265405 149051284 114824
35265389 149051278 766728
35265358 149051279 1640872
35265321 149051297 2457604
35265285 149051334 28243
35265248 149051387 3348416
35265208 149051453 3992912
35265163 149051527 4626296
35265114 149051606 517634
35265061 149051687 5318944
35265002 149051771 5691196
35264937 149051859 60653
35264867 149051948 6415328
35264794 149052037 6511632
35264718 149052128 6706092
35264639 149052222 6961668
35264558 149052318 7159832
35264475 149052416 7339476
35264392 149052514 747282
35264309 149052613 7439484
35264225 149052713 7561716
35264141 149052814 7641352
35264057 149052914 7643204
35263974 149053012 757468
35263890 149053111 758394
35263805 149053208 7626536
35263718 149053303 7689504
35263629 149053397 7726544
35263539 149053489 774136
35263450 149053580 7659872
35263363 149053672 7615424
35263278 149053767 762098
35263197 149053862 75932
35263119 149053957 742652
35263045 149054051 725984
35262972 149054145 7187612
35262901 149054236 7122792
35262833 149054321 6783876
35262770 149054399 6374584
35262711 149054467 5757868
35262650 149054519 5244864
35262581 149054550 4967064
35262508 149054561 4933728
35262431 149054551 5054108
35262354 149054517 52319
35262279 149054462 5524516
35262203 149054394 593566
35262124 149054319 63894
35262041 149054240 6613492
35261956 149054155 6911664
35261867 149054068 7256136
35261777 149053978 7496896
35261687 149053888 755616
35261596 149053797 7659872
35261504 149053704 7733952
35261410 149053611 7900632
35261314 149053518 7998788
35261218 149053425 8072868
35261120 149053334 8137688
35261022 149053245 8124724
35260923 149053157 8098796
35260822 149053071 81025
35260720 149052988 8126576
35260615 149052909 8141392
35260509 149052833 8141392
35260401 149052761 8146948
35260292 149052692 8174728
35260183 149052624 8156208
35260073 149052558 8133984
35259962 149052493 8124724
35259850 149052429 8154356
35259737 149052369 8159912
35259624 149052309 8156208
35259511 149052252 8137688
35259397 149052195 8126576
35259283 149052139 8156208
35259168 149052085 8163616
35259052 149052031 8180284
35258936 149051978 8202508
35258819 149051926 8233992
35258703 149051874 8256216
35258586 149051822 8258068
35258471 149051769 8228436
35258356 149051713 8217324
35258242 149051654 8202508
35258129 149051593 8200656
35258019 149051527 8183988
35257910 149051457 8189544
35257803 149051383 817658
35257699 149051305 816732
35257596 149051224 8187692
35257496 149051138 8143244
35257398 149051050 8128428
35257303 149050961 8085832
35257210 149050870 8061756
35257120 149050775 801916
35257034 149050675 8045088
35256949 149050571 8032124
35256867 149050464 8022864
35256787 149050354 7987676
35256709 149050241 79636
35256635 149050127 7956192
35256562 149050009 795434
35256491 149049889 8017308
35256419 149049766 8163616
35256346 149049643 8239548
35256274 149049519 8272884
35256202 149049396 8248808
35256131 149049274 820436
35256058 149049152 825066
35255986 149049029 82414
35255914 149048907 8230288
35255842 149048784 82877
35255769 149048661 832474
35255694 149048539 8308072
35255618 149048419 8313628
35255540 149048299 8280292
35255460 149048181 8321036
35255378 149048065 8317332
35255294 149047951 8330296
35255208 149047840 8313628
35255121 149047730 8283996
35255036 149047626 8146948
35254953 149047529 7809884
35254873 149047439 7465412
35254799 149047357 6976484
35254733 149047284 636162
35254674 149047220 5680084
35254625 149047162 506522
35254587 149047111 4357756
35254561 149047069 3561396
35254545 149047040 2674288
35254538 149047027 164828
35254537 149047025 711168
35254539 149047028 164828
35254539 149047026 098156
35254533 149047009 705612
35254519 149046974 1822368
35254499 149046925 284282
35254474 149046869 3281744
35254439 149046810 3816972
35254392 149046759 4167
35254332 149046723 4211448
35254259 149046696 4691116
35254179 149046664 5346724
35254095 149046622 5609708
35254006 149046571 6087524
35253911 149046513 6617196
35253812 149046454 7022784
35253710 149046391 71765
35253605 149046325 7483932
35253499 149046258 7709876
35253391 149046190 7813588
35253280 149046123 7922856
35253168 149046056 8063608
35253054 149045991 815806
35252940 149045929 8150652
35252823 149045869 82414
35252704 149045813 8341408
35252584 149045759 8387708
35252463 149045709 8363632
35252343 149045661 8345112
35252221 149045616 835252
35252099 149045573 8367336
35251975 149045532 8393264
35251851 149045495 8450676
35251726 149045460 8461788
35251600 149045427 844512
35251472 149045396 8485864
35251344 149045367 8539572
35251216 149045337 8609948
35251088 149045309 8624764
35250962 149045280 8604392
35250837 149045252 8582168
35250713 149045224 8448824
35250592 149045196 8309924
35250475 149045167 8163616
35250364 149045137 778766
35250256 149045106 7578384
35250156 149045075 7217244
35250063 149045043 67598
35249974 149045012 6396808
35249889 149044982 6170864
35249808 149044953 5909732
35249734 149044923 561156
35249668 149044894 513004
35249609 149044866 4539252
35249557 149044842 4085512
35249511 149044820 3687332
35249475 149044802 318544
35249451 149044790 2381672
35249435 149044782 1505676
35249419 149044775 119454
35249397 149044764 15279
35249367 149044749 2109428
35249330 149044731 256502
35249286 149044710 3013204
35249235 149044684 3515096
35249177 149044655 4066992
35249116 149044625 4292936
35249050 149044591 4524436
35248978 149044554 4939284
35248899 149044514 5385616
35248814 149044472 579676
35248724 149044427 6237536
35248631 149044384 6415328
35248534 149044339 6633864
35248431 149044294 6985744
35248324 149044247 7313548
35248212 149044200 7572828
35248098 149044153 7809884
35247981 149044109 7921004
35247862 149044066 7971008
35247742 149044026 8098796
35247621 149043988 8154356
35247499 149043952 8208064
35247376 149043919 8267328
35247251 149043888 8332148
35247126 149043861 8339556
35247001 149043837 8358076
35246875 149043817 8367336
35246751 149043800 8337704
35246628 149043787 8230288
35246504 149043776 813028
35246379 149043768 8209916
35246253 149043762 8261772
35246126 149043759 8328444
35245998 149043760 8400672
35245867 149043765 8493272
35245736 149043774 8626616
35245606 149043787 8682176
35245476 149043804 867662
35245348 149043824 8563648
35245220 149043846 8511792
35245092 149043870 8541424
35244965 149043898 8580316
35244838 149043931 8600688
35244713 149043965 8576612
35244587 149044003 853772
35244462 149044042 8580316
35244337 149044085 8587724
35244213 149044131 8576612
35244090 149044179 8576612
35243967 149044227 8571056
35243845 149044276 8545128
35243722 149044323 8541424
35243599 149044370 8545128
35243476 149044417 8559944
35243353 149044463 8572908
35243228 149044505 85655
35243104 149044545 8589576
35242981 149044582 8476604
35242860 149044614 8321036
35242740 149044644 8209916
35242619 149044670 8248808
35242501 149044691 8096944
35242386 149044709 7948784
35242275 149044723 7665428
35242167 149044734 737096
35242063 149044742 7198724
35241961 149044748 7057972
35241859 149044751 6863512
35241756 149044749 6846844
35241653 149044744 6965372
35241552 149044737 6846844
35241454 149044727 6600528
35241362 149044718 635236
35241275 149044708 5996776
35241189 149044697 5756016
35241101 149044684 58338
35241007 149044666 6161604
35240908 149044645 655608
35240806 149044621 6933888
35240701 149044594 70376
35240593 149044564 7326512
35240482 149044529 7470968
35240372 149044491 760246
35240261 149044450 76395
35240151 149044405 7711728
35240040 149044357 7822848
35239930 149044306 7871
35239822 149044252 77784
35239713 149044197 7780252
35239605 149044139 7835812
35239499 149044082 7793216
35239394 149044025 7689504
35239290 149043969 7591348
35239190 149043915 7415408
35239092 149043863 7224652
35238997 149043813 69913
35238904 149043763 6856104
35238813 149043716 6850548
35238729 149043671 640792
35238650 149043630 5931956
35238575 149043590 5652304
35238503 149043552 5457844
35238431 149043515 5267088
35238360 149043479 5330056
35238293 149043448 5105964
35238228 149043421 474112
35238166 149043397 4476284
35238110 149043373 4307752
35238060 149043348 3941056
35238020 149043327 3359528
35237989 149043312 2661324
35237966 149043301 2061276
35237953 149043295 1450116
35237947 149043292 757468
35237947 149043292 344472
35237949 149043292 05556
35237971 149043295 087044
35237951 149043285 866736
35237920 149043270 1800144
35237884 149043255 239834
35237845 149043250 2476124
35237802 149043261 2626136
35237758 149043289 297246
35237720 149043335 3272484
35237691 149043398 3579916
35237667 149043474 3957724
35237644 149043556 441702
35237620 149043641 4478136
35237593 149043732 4744824
35237564 149043829 5133744
35237531 149043933 5570816
35237496 149044041 594492
35237460 149044150 5980108
35237421 149044261 6133824
35237381 149044376 637088
35237337 149044492 658386
35237290 149044607 6726464
35237241 149044722 6804248
35237191 149044833 6837584
35237140 149044941 6767208
35237087 149045047 6726464
35237033 149045151 6774616
35236979 149045253 6743132
35236924 149045353 6693128
35236868 149045450 660238
35236812 149045544 65283
35236755 149045636 6504224
35236696 149045728 6476444
35236635 149045819 646348
35236572 149045910 6559784
35236508 149045999 6557932
35236441 149046089 654682
35236373 149046178 6561636
35236301 149046270 6720908
35236227 149046363 6876476
35236152 149046459 7061676
35236075 149046558 7224652
35235997 149046657 7350588
35235920 149046755 7359848
35235845 149046852 7254284
35235772 149046947 7165388
35235703 149047040 7007968
35235638 149047129 6724612
35235575 149047215 6439404
35235515 149047299 6165308
35235453 149047386 6189384
35235388 149047476 6433848
35235322 149047571 6698684
35235257 149047671 6904256
35235191 149047775 7095012
35235126 149047883 7245024
35235060 149047995 7443188
35234994 149048110 7626536
35234929 149048226 7633944
35234863 149048344 7700616
35234798 149048463 7765436
35234733 149048584 7811736
35234670 149048707 7893224
35234607 149048832 795434
35234544 149048960 804694
35234482 149049089 812102
35234420 149049220 8133984
35234359 149049352 8156208
35234298 149049486 817658
35234238 149049622 8226584
35234180 149049758 8243252
35234124 149049895 8226584
35234069 149050033 8252512
35234015 149050172 8308072
35233961 149050311 8317332
35233908 149050452 8341408
35233856 149050593 8382152
35233806 149050734 8374744
35233759 149050874 8276588
35233715 149051010 8187692
35233676 149051137 781544
35233641 149051251 7143164
35233607 149051352 6456072
35233574 149051437 5644896
35233543 149051505 4830016
35233511 149051563 405588
35233473 149051613 3928092
35233434 149051663 3974392
35233404 149051721 3952168
35233392 149051793 3994764
35233393 149051879 4487396
35233393 149051972 502818
35233388 149052070 5205972
35233373 149052174 5567112
35233348 149052283 5931956
35233315 149052396 642644
35233277 149052509 6578304
35233235 149052627 6765356
35233189 149052748 7032044
35233139 149052873 7257988
35233085 149053001 7476524
35233030 149053127 7645056
35232973 149053251 7596904
35232914 149053374 7645056
35232852 149053497 7737656
35232788 149053618 783396
35232723 149053737 7858036
35232656 149053852 783396
35232587 149053965 7798772
35232517 149054076 7761732
35232445 149054185 7720988
35232370 149054292 7720988
35232292 149054397 7696912
35232212 149054500 7689504
35232130 149054602 7698764
35232046 149054703 764876
35231961 149054801 7628388
35231875 149054896 7606164
35231788 149054991 7622832
35231700 149055083 7670984
35231611 149055172 762098
35231521 149055257 7545048
35231430 149055340 7515416
35231338 149055421 7508008
35231246 149055498 7524676
35231157 149055567 72691
35231072 149055631 6832028
35230992 149055690 6539412
35230918 149055739 5976404
35230851 149055779 5374504
35230794 149055805 4661484
35230747 149055818 3724372
35230703 149055819 289838
35230653 149055810 3172476
35230600 149055798 3587324
35230548 149055799 3589176
35230498 149055822 3520652
35230447 149055865 3857716
35230386 149055912 4465172
35230312 149055958 5174488
35230228 149055999 5822688
35230135 149056039 6165308
35230034 149056074 66672
35229927 149056104 7135756
35229815 149056128 7382072
35229700 149056145 7508008
35229580 149056154 7765436
35229456 149056155 8024716
35229330 149056151 8263624
35229203 149056144 8274736
35229075 149056135 8346964
35228947 149056121 84266
35228819 149056105 83803
35228693 149056090 831548
35228566 149056076 831548
35228439 149056064 831548
35228312 149056052 8367336
35228186 149056040 8358076
35228061 149056027 8337704
35227936 149056011 8300664
35227813 149055994 825992
35227692 149055975 8200656
35227571 149055956 8171024
35227450 149055937 8165468
35227329 149055917 817658
35227206 149055899 8191396
35227083 149055881 8215472
35226960 149055865 8224732
35226836 149055850 8248808
35226711 149055836 82414
35226588 149055825 8252512
35226465 149055817 8161764
35226341 149055812 8235844
35226214 149055808 8346964
35226087 149055804 846364
35225961 149055799 8476604
35225834 149055795 845438
35225708 149055790 8419192
35225581 149055784 844512
35225454 149055777 8456232
35225328 149055771 8430304
35225202 149055767 838956
35225077 149055762 8354372
35224952 149055758 8295108
35224829 149055755 8243252
35224707 149055754 8156208
35224587 149055754 807472
35224468 149055753 7985824
35224351 149055752 7850628
35224235 149055750 7765436
35224121 149055747 7659872
35224009 149055744 7504304
35223902 149055739 7293176
35223798 149055735 7013524
35223699 149055731 6789432
35223608 149055727 637088
35223525 149055723 5887508
35223454 149055721 5144856
35223394 149055719 440776
35223346 149055717 3678072
35223310 149055716 2939124
35223284 149055715 218536
35223271 149055715 1483452
35223267 149055716 6945
35223269 149055716 127788
35223293 149055716 1389
35223286 149055716 488928
35223274 149055715 614864
35223252 149055714 1024156
35223218 149055711 1866816
35223170 149055707 2715032
35223113 149055703 3520652
35223048 149055697 3957724
35222974 149055692 4533696
35222893 149055688 4976324
35222807 149055682 5450436
35222715 149055676 5691196
35222617 149055669 619494
35222516 149055660 6456072
35222414 149055650 65283
35222308 149055641 6754244
35222200 149055632 7015376
35222088 149055623 7295028
35221974 149055615 7552456
35221856 149055609 7720988
35221733 149055603 80099
35221608 149055597 825992
35221481 149055591 8332148
35221353 149055584 84729
35221225 149055578 8471048
35221099 149055572 8434008
35220973 149055565 8424748
35220848 149055559 8346964
35220723 149055552 8313628
35220598 149055545 8332148
35220472 149055538 8345112
35220346 149055531 8395116
35220219 149055524 8469196
35220091 149055516 8524756
35219965 149055510 8452528
35219839 149055503 838956
35219713 149055495 8400672
35219587 149055487 836178
35219460 149055481 8415488
35219334 149055474 8384004
35219210 149055468 826918
35219087 149055463 8174728
35218965 149055459 8154356
35218843 149055455 80562
35218720 149055452 8133984
35218596 149055451 8217324
35218472 149055450 82414
35218347 149055448 8274736
35218223 149055446 8256216
35218099 149055443 821362
35217976 149055440 8215472
35217853 149055437 817658
35217730 149055433 8178432
35217607 149055430 8221028
35217483 149055424 825992
35217361 149055412 8239548
35217240 149055393 8189544
35217119 149055365 8133984
35216999 149055329 82414
35216879 149055289 8267328
35216758 149055247 8322888
35216637 149055205 8339556
35216516 149055162 8365484
35216396 149055122 8322888
35216276 149055086 825066
35216155 149055058 8196952
35216033 149055036 820436
35215913 149055022 8163616
35215792 149055012 8004344
35215671 149055005 8069164
35215550 149054999 8069164
35215429 149054994 81025
35215309 149054989 8069164
35215192 149054985 7985824
35215077 149054980 7754324
35214966 149054976 7587644
35214862 149054971 72228
35214770 149054966 6541264
35214687 149054961 5770832
35214611 149054956 5276348
35214541 149054950 5017068
35214477 149054942 463
35214420 149054928 4218856
35214369 149054903 3891052
35214322 149054873 37503
35214273 149054850 3644736
35214220 149054849 3576212
35214163 149054871 3885496
35214098 149054900 4418872
35214026 149054917 4872612
35213946 149054921 5143004
35213860 149054917 554674
35213766 149054912 6063448
35213668 149054906 6493112
35213565 149054899 6569044
35213456 149054894 6980188
35213343 149054889 7408
35213228 149054883 7567272
35213110 149054877 7652464
35212990 149054871 786174
35212869 149054864 7891372
35212749 149054857 7871
35212631 149054850 7817292
35212514 149054842 7752472
35212399 149054833 7670984
35212288 149054822 7480228
35212181 149054809 7209836
35212078 149054795 6976484
35211975 149054778 6846844
35211872 149054760 6911664
35211769 149054740 6924628
35211666 149054719 690796
35211562 149054698 7057972
35211459 149054676 6961668
35211357 149054655 6822768
35211258 149054634 6707944
35211161 149054612 6570896
35211066 149054589 6428292
35210974 149054563 6307912
35210882 149054531 625976
35210791 149054493 6387548
35210699 149054457 64357
35210605 149054422 6480148
35210513 149054388 6498668
35210422 149054352 6467184
35210333 149054317 6393104
35210247 149054283 616716
35210163 149054249 6020852
35210082 149054214 589862
35210006 149054180 5672676
35209935 149054147 530598
35209869 149054116 5007808
35209811 149054088 4563328
35209761 149054065 3976244
35209723 149054048 327804
35209697 149054035 2437232
35209683 149054028 162976
35209675 149054025 875996
35209665 149054021 65746
35209648 149054012 116676
35209620 149054000 1807552
35209585 149053984 2505756
35209543 149053965 2803928
35209493 149053943 3353972
35209435 149053917 395402
35209370 149053888 437072
35209302 149053856 4770752
35209231 149053823 4874464
35209157 149053787 501892
35209081 149053748 5211528
35209004 149053707 5428212
35208928 149053669 5396728
35208854 149053631 5291164
35208784 149053595 5189304
35208721 149053561 4718896
35208660 149053524 4300344
35208596 149053483 4617036
35208528 149053440 4939284
35208459 149053396 5109668
35208391 149053352 5181896
35208325 149053307 5063368
35208262 149053262 4961508
35208201 149053219 48152
35208141 149053181 463
35208082 149053151 450036
35208030 149053123 413922
35207989 149053089 3516948
35207954 149053051 3242852
35207915 149053019 3241
35207874 149052998 3152104
35207834 149052987 284282
35207798 149052978 2659472
35207769 149052971 2335372
35207747 149052959 1633464
35207730 149052940 1690876
35207725 149052916 151864
35207726 149052893 1355664
35207731 149052875 1187132
35207741 149052861 95378
35207759 149052851 1109348
35207783 149052843 1598276
35207807 149052836 1598276
35207830 149052828 1598276
35207853 149052821 1598276
35207877 149052813 1598276
35208035 149052769 1598276
35208023 149052789 681536
35208008 149052811 618568
35207994 149052828 598196
35207960 149052818 437072
35207927 149052803 87044
35207898 149052789 996376
35207874 149052776 996376
35207852 149052764 996376
35207832 149052753 996376
35207815 149052742 996376
35207798 149052731 996376
35207634 149052614 996376
35207621 149052604 996376
35207608 149052594 996376
35207595 149052585 996376
35207582 149052575 996376
35207570 149052566 996376
35207557 149052556 996376
35207544 149052547 996376
35207531 149052537 996376
35207519 149052528 996376
35207506 149052518 996376
35207493 149052509 996376
35207480 149052499 996376
35207327 149052385 996376
35207314 149052375 996376
35207301 149052365 996376
35207289 149052356 996376
35207276 149052346 996376
35207905 149052948 896368
35207895 149052940 807472
35207873 149052942 80562
35207857 149052938 1070456
35207840 149052935 1226024
35207828 149052930 1266768
35207817 149052924 1016748
35207810 149052917 70376
35207806 149052904 570416
35207807 149052881 887108
35207810 149052854 1372332
35207815 149052829 1427892
35207820 149052809 1292696
35207827 149052792 1013044
35207839 149052782 903776
35207858 149052779 1098236
35207877 149052783 1279732
35207892 149052788 1150092
35207906 149052786 920444
35207920 149052772 1026008
35207930 149052748 1433448
35207935 149052720 1577904
35207937 149052697 1429744
35207936 149052680 1114904
35207936 149052668 800064
35207936 149052661 520412
35207937 149052657 2778
35207938 149052653 159272
35207941 149052648 281504
35207945 149052644 377808
35207947 149052642 274096
35207950 149052639 224092
35207956 149052637 318544
35207962 149052636 420404
35207967 149052636 377808
35207969 149052637 2315
35207968 149052637 124084
35207969 149052665 059264
35207969 149052671 057412
35207969 149052679 066672
35207968 149052685 059264
35207967 149052691 053708
35207965 149052696 059264
35207963 149052699 068524
35208006 149052569 050004
35207990 149052633 051856
35207976 149052650 200016
35207986 149052648 579676
35207996 149052647 659312
35208005 149052646 581528
35208011 149052647 483372
35208017 149052649 372252
35208021 149052653 346324
35208025 149052657 344472
35208029 149052666 450036
35208034 149052679 724132
35208038 149052697 994524
35208044 149052722 12501
35208052 149052748 1563088
35208064 149052777 1635316
35208083 149052807 1822368
35208107 149052829 1985344
35208131 149052843 1903856
35208150 149052852 1535308
35208164 149052864 1081568
35208175 149052880 1031564
35208181 149052903 1170464
35208183 149052933 1483452
35208182 149052964 1744584
35208176 149052987 1557532
35208165 149053003 1196392
35208149 149053010 1109348
35208127 149053009 1285288
35208101 149053004 1587164
35208076 149052998 1755696
35208053 149052989 1640872
35208036 149052976 1387148
35208027 149052959 1237136
35208025 149052944 10186
35208028 149052931 735244
35208035 149052915 766728
35208051 149052901 1116756
35208069 149052891 1327884
35208092 149052888 1242692
35208123 149052902 132418
35208144 149052919 172236
35208154 149052936 1307512
35208160 149052950 7408
35208165 149052964 735244
35208171 149052977 735244
35208177 149052992 735244
35208182 149053004 735244
35208167 149053017 735244
35208146 149053030 1068604
35208128 149053043 1068604
35208111 149053057 1068604
35208095 149053070 1068604
35208081 149053083 1068604
35208067 149053096 1068604
35208053 149053110 1068604
35208040 149053123 1068604
35208028 149053137 1068604
35208015 149053150 1068604
35207908 149053270 1068604
35207920 149053289 1068604
35207922 149053310 1640872
35207918 149053330 1640872
35207911 149053349 1640872
35207900 149053369 1640872
35207887 149053388 1640872
35207873 149053407 1640872
35207857 149053425 1640872
35207840 149053444 1640872
35207823 149053462 1640872
35207805 149053481 1640872
35207786 149053499 1640872
35207768 149053518 1640872
35208136 149052990 1640872
35208268 149052945 2292776
35208335 149052930 2589096
35208384 149052921 247242
35208425 149052914 2411304
35208465 149052907 2402044
35208501 149052900 2300184
35208533 149052891 2164988
35208558 149052877 1950156
35208573 149052851 1698284
35208580 149052814 1864964
35208583 149052770 2218696
35208588 149052724 2394636
35208592 149052677 2568724
35208599 149052634 2470568
35208612 149052601 2177952
35208630 149052582 1790884
35208653 149052577 1468636
35208678 149052590 1609388
35208699 149052622 20372
35208710 149052674 2559464
35208708 149052739 3161364
35208698 149052814 3761412
35208686 149052893 4189224
35208671 149052970 4181816
35208650 149053043 4070696
35208626 149053112 399106
35208602 149053174 3776228
35208580 149053228 3418792
35208563 149053272 2948384
35208551 149053299 2142764
35208546 149053312 1170464
35208545 149053316 4167
35208549 149053325 16668
35208540 149053349 996376
35208527 149053385 187978
35208517 149053427 2303888
35208517 149053473 241686
35208530 149053519 2550204
35208559 149053562 2846524
35208603 149053603 3328044
35208658 149053643 391698
35208720 149053682 4470728
35208786 149053720 4663336
35208855 149053756 4859648
35208923 149053790 4867056
35208988 149053821 4724452
35209048 149053848 4439244
35209101 149053871 40281
35209144 149053889 3422496
35209175 149053902 2616876
35209193 149053909 1705692
35209199 149053910 825992
35209200 149053909 229648
35209178 149053908 075932
35209199 149053918 894516
35209236 149053934 2057572
35209282 149053954 3035428
35209337 149053978 3420644
35209400 149054007 406514
35209470 149054040 4717044
35209544 149054074 4980028
35209623 149054109 5261532
35209705 149054146 5613412
35209790 149054184 57875
35209876 149054223 5846764
35209965 149054261 6022704
35210056 149054299 6217164
35210148 149054335 6283836
35210238 149054368 6154196
35210326 149054400 5987516
35210414 149054431 5937512
35210502 149054462 5943068
35210590 149054492 589862
35210677 149054522 5920844
35210765 149054551 59264
35210854 149054580 594492
35210944 149054608 6013444
35211036 149054636 610234
35211129 149054663 6248648
35211223 149054687 628754
35211318 149054711 6307912
35211413 149054732 635236
35211509 149054753 6383844
35211606 149054772 645422
35211702 149054790 6424588
35211801 149054808 6441256
35211902 149054826 6613492
35212004 149054843 6785728
35212104 149054858 673202
35212204 149054872 6604232
35212303 149054885 6548672
35212403 149054896 6507928
35212506 149054904 6707944
35212610 149054911 688018
35212713 149054916 6850548
35212818 149054920 684314
35212924 149054924 6920924
35213029 149054927 6939444
35213133 149054930 688018
35213237 149054933 6869068
35213339 149054937 6854252
35213440 149054941 6737576
35213540 149054947 661164
35213638 149054955 6604232
35213736 149054967 6535708
35213833 149054981 6539412
35213930 149054999 6482
35214029 149055018 6644976
35214127 149055036 6609788
35214225 149055052 6578304
35214324 149055064 6613492
35214422 149055070 6589416
35214519 149055071 6522744
35214617 149055066 6469036
35214716 149055057 6580156
35214817 149055046 6696832
35214921 149055037 6859808
35215025 149055031 6959816
35215130 149055030 6943148
35215237 149055033 709316
35215348 149055037 7254284
35215459 149055042 7356144
35215569 149055047 7311696
35215679 149055053 72228
35215791 149055059 7285768
35215905 149055066 7448744
35216021 149055076 761172
35216139 149055091 770432
35216257 149055113 7850628
35216375 149055142 7893224
35216491 149055176 786174
35216608 149055217 7928412
35216725 149055261 8006196
35216843 149055305 8095092
35216960 149055347 809324
35217076 149055385 7958044
35217194 149055416 7939524
35217312 149055441 7969156
35217428 149055461 7867296
35217542 149055478 7663576
35217654 149055492 7552456
35217763 149055502 7415408
35217865 149055508 7096864
35217956 149055512 6483852
35218038 149055513 5780092
35218114 149055514 5255976
35218183 149055514 4911504
35218243 149055515 4404056
35218293 149055515 3742892
35218334 149055515 306506
35218367 149055513 2548352
35218394 149055512 2124244
35218415 149055511 1729768
35218428 149055510 131492
35218433 149055508 67598
35218432 149055507 218536
35218431 149055505 220388
35218437 149055505 374104
35218449 149055507 600048
35218473 149055510 1233432
35218509 149055512 2076092
35218553 149055514 2848376
35218603 149055516 3128028
35218661 149055518 3626216
35218725 149055521 4131812
35218795 149055523 4552216
35218868 149055524 4761492
35218944 149055524 4959656
35219027 149055524 52319
35219118 149055525 5754164
35219219 149055533 638014
35219327 149055545 7011672
35219440 149055557 7341328
35219559 149055568 7687652
35219681 149055577 7983972
35219806 149055584 815806
35219932 149055592 8317332
35220060 149055600 8391412
35220189 149055608 8506236
35220319 149055615 858402
35220450 149055623 862106
35220581 149055632 866736
35220711 149055640 8684028
35220842 149055649 8663656
35220972 149055656 863032
35221101 149055663 8567352
35221230 149055670 8530312
35221358 149055677 8504384
35221485 149055685 8469196
35221610 149055692 8404376
35221734 149055699 8283996
35221856 149055707 8146948
35221977 149055715 8067312
35222095 149055722 7911744
35222209 149055730 7765436
35222318 149055739 7443188
35222421 149055749 7078344
35222518 149055757 6689424
35222608 149055764 6219016
35222694 149055770 5865284
35222773 149055776 5557852
35222843 149055781 5085592
35222902 149055785 4367016
35222948 149055788 3607696
35222980 149055789 2681696
35222998 149055789 1670504
35223006 149055789 864884
35223014 149055789 390772
35223032 149055790 84266
35223063 149055792 170384
35223103 149055795 2585392
35223150 149055798 2881712
35223205 149055802 3374344
35223271 149055807 4068844
35223344 149055813 4696672
35223422 149055821 5155968
35223503 149055828 5218936
35223588 149055835 5504144
35223679 149055841 5867136
35223776 149055847 617642
35223878 149055853 6563488
35223985 149055859 6996856
35224094 149055863 7124644
35224204 149055868 7220948
35224315 149055873 7322808
35224428 149055878 7387628
35224542 149055883 74543
35224659 149055888 762098
35224777 149055892 780618
35224895 149055896 78247
35225012 149055900 774136
35225130 149055904 7808032
35225248 149055909 7804328
35225366 149055914 7826552
35225484 149055918 7798772
35225603 149055923 7839516
35225722 149055928 7911744
35225843 149055936 7976564
35225965 149055947 8054348
35226087 149055963 813028
35226210 149055984 8171024
35226333 149056008 8228436
35226456 149056031 8271032
35226577 149056053 813028
35226698 149056075 8091388
35226820 149056096 8098796
35226943 149056119 8156208
35227068 149056142 8319184
35227193 149056165 8337704
35227316 149056188 826918
35227438 149056211 817658
35227557 149056233 811176
35227676 149056255 7895076
35227796 149056278 8069164
35227917 149056300 8089536
35228039 149056323 8156208
35228161 149056346 8152504
35228284 149056369 8252512
35228408 149056390 8289552
35228533 149056411 8317332
35228658 149056430 8363632
35228782 149056445 8346964
35228905 149056455 8274736
35229028 149056462 8163616
35229149 149056466 8113612
35229268 149056470 8035828
35229382 149056473 775062
35229493 149056476 7467264
35229600 149056478 7283916
35229705 149056475 7030192
35229807 149056464 6850548
35229907 149056439 6828324
35230004 149056401 675054
35230098 149056353 6644976
35230188 149056295 66672
35230271 149056230 6535708
35230346 149056167 6206052
35230412 149056115 5511552
35230472 149056078 4633704
35230530 149056058 4011432
35230590 149056050 4024396
35230648 149056041 392624
35230703 149056011 3883644
35230754 149055957 415774
35230806 149055891 477816
35230871 149055828 5154116
35230947 149055764 5774536
35231030 149055694 6302356
35231117 149055621 6800544
35231208 149055543 7035748
35231302 149055461 7422816
35231398 149055375 76858
35231495 149055287 7809884
35231592 149055195 8004344
35231688 149055099 8022864
35231782 149055000 8069164
35231875 149054899 8119168
35231966 149054796 813954
35232056 149054690 8145096
35232144 149054583 8172876
35232231 149054474 817658
35232315 149054362 8135836
35232397 149054249 8141392
35232479 149054133 8180284
35232560 149054012 8300664
35232639 149053887 846364
35232717 149053760 8535868
35232791 149053630 855624
35232863 149053498 8563648
35232933 149053364 8552536
35233000 149053230 8539572
35233064 149053094 8502532
35233126 149052958 8450676
35233186 149052819 84729
35233241 149052680 837104
35233292 149052541 827844
35233340 149052406 8180284
35233384 149052277 783396
35233423 149052161 724132
35233459 149052059 6443108
35233493 149051971 5770832
35233527 149051899 4913356
35233562 149051841 4209596
35233601 149051791 3913276
35233639 149051738 3829936
35233667 149051675 3996616
35233679 149051599 4196632
35233678 149051514 4570736
35233678 149051422 48152
35233684 149051323 5218936
35233700 149051216 5643044
35233726 149051104 6080116
35233758 149050988 6406068
35233794 149050868 6689424
35233835 149050742 7095012
35233878 149050611 7478376
35233924 149050479 762098
35233972 149050344 7800624
35234022 149050208 7943228
35234075 149050071 8048792
35234129 149049934 8100648
35234184 149049797 820436
35234241 149049660 8219176
35234301 149049525 82414
35234364 149049392 832474
35234430 149049260 8372892
35234497 149049131 8367336
35234567 149049003 836178
35234638 149048878 8354372
35234712 149048753 8369188
35234788 149048630 8404376
35234864 149048509 8402524
35234939 149048389 834326
35235014 149048271 8174728
35235089 149048151 8219176
35235164 149048031 8208064
35235239 149047912 8221028
35235315 149047794 821362
35235392 149047675 8235844
35235470 149047556 8328444
35235549 149047438 8295108
35235630 149047320 8365484
35235712 149047202 8413636
35235795 149047087 8372892
35235879 149046973 8341408
35235964 149046861 8322888
35236049 149046750 8282144
35236134 149046641 822288
35236219 149046532 8178432
35236303 149046422 815806
35236384 149046311 811176
35236462 149046198 8076572
35236538 149046084 8006196
35236612 149045967 804694
35236682 149045848 8024716
35236750 149045727 7965452
35236816 149045603 8004344
35236881 149045478 8043236
35236944 149045354 8004344
35237007 149045230 7915448
35237070 149045108 7848776
35237132 149044985 7793216
35237194 149044862 7839516
35237255 149044737 7865444
35237314 149044612 7883964
35237371 149044485 7882112
35237426 149044358 7822848
35237477 149044235 770432
35237527 149044115 7406148
35237576 149043998 7170944
35237623 149043884 701908
35237667 149043776 6782024
35237706 149043674 63894
35237741 149043583 5904176
35237776 149043506 5237456
35237812 149043444 452814
35237849 149043395 3992912
35237893 149043363 357436
35237948 149043353 3578064
35238014 149043369 405588
35238088 149043404 4835572
35238168 149043451 5530072
35238253 149043503 586158
35238344 149043559 6320876
35238441 149043617 6865364
35238541 149043677 7059824
35238646 149043739 7367256
35238754 149043803 7735804
35238864 149043868 7837664
35238976 149043933 7976564
35239089 149043998 8135836
35239204 149044062 817658
35239318 149044125 8154356
35239432 149044188 8182136
35239547 149044250 8174728
35239660 149044311 8154356
35239774 149044371 8113612
35239889 149044429 8154356
35240003 149044485 8161764
35240118 149044537 8071016
35240233 149044587 8004344
35240348 149044633 8048792
35240464 149044675 80099
35240581 149044712 799138
35240699 149044745 8033976
35240819 149044775 806546
35240939 149044801 808398
35241061 149044818 8067312
35241184 149044831 8122872
35241309 149044839 8221028
35241434 149044847 8274736
35241559 149044854 8267328
35241682 149044860 8235844
35241805 149044863 8154356
35241927 149044863 8122872
35242050 149044860 8124724
35242174 149044855 825066
35242300 149044846 8348816
35242426 149044834 838956
35242552 149044815 8374744
35242678 149044793 8400672
35242805 149044768 84729
35242932 149044738 8524756
35243058 149044705 8530312
35243182 149044669 8384004
35243306 149044629 8367336
35243431 149044584 8495124
35243557 149044536 8552536
35243682 149044487 862106
35243808 149044438 8656248
35243934 149044389 8700696
35244060 149044341 8709956
35244186 149044293 8739588
35244313 149044244 8719216
35244441 149044196 8813668
35244569 149044151 882478
35244698 149044109 8789592
35244829 149044069 888034
35244960 149044033 8882192
35245093 149044000 8869228
35245226 149043970 8915528
35245360 149043945 8939604
35245496 149043924 8989608
35245631 149043907 8995164
35245767 149043892 9022944
35245904 149043881 9072948
35246040 149043874 9080356
35246176 149043871 9109988
35246311 149043872 9039612
35246442 149043875 8887748
35246571 149043882 8691436
35246700 149043892 860254
35246829 149043905 8587724
35246957 149043921 8613652
35247085 149043940 8635876
35247213 149043962 8559944
35247341 149043988 8576612
35247468 149044017 857476
35247594 149044049 8496976
35247718 149044084 8476604
35247840 149044121 835252
35247959 149044159 8178432
35248076 149044200 8061756
35248193 149044245 80562
35248311 149044293 8163616
35248427 149044345 8165468
35248543 149044400 8163616
35248659 149044457 8233992
35248774 149044516 8300664
35248888 149044576 8274736
35249001 149044633 8133984
35249112 149044689 8045088
35249222 149044745 790804
35249331 149044799 7869148
35249442 149044852 7859888
35249552 149044907 7932116
35249662 149044967 7922856
35249769 149045034 8017308
35249875 149045105 8050644
35249981 149045173 79636
35250090 149045233 7959896
35250204 149045280 7965452
35250321 149045318 7996936
35250440 149045351 8117316
35250563 149045382 8261772
35250686 149045411 8382152
35250810 149045438 8385856
35250935 149045466 8409932
35251060 149045493 843586
35251185 149045520 8467344
35251311 149045549 8508088
35251437 149045578 8517348
35251563 149045608 850994
35251689 149045638 8502532
35251815 149045670 8517348
35251940 149045705 8535868
35252064 149045744 8535868
35252187 149045786 8515496
35252309 149045831 8495124
35252431 149045880 84729
35252552 149045932 85192
35252672 149045987 8517348
35252791 149046045 8480308
35252910 149046104 845438
35253027 149046166 8459936
35253142 149046229 8400672
35253253 149046294 8252512
35253362 149046360 8080276
35253466 149046426 7950636
35253566 149046491 7650612
35253657 149046554 7311696
35253738 149046612 66209
35253809 149046663 5844912
35253869 149046707 5155968
35253920 149046743 440776
35253959 149046772 358362
35253988 149046794 2757628
35254007 149046807 1905708
35254024 149046820 1566792
35254042 149046839 1529752
35254065 149046869 2044608
35254088 149046911 2637248
35254110 149046965 3178032
35254125 149047023 3579916
35254152 149047086 381512
35254190 149047144 3955872
35254242 149047192 42133
35254309 149047223 4511472
35254386 149047251 5081888
35254467 149047287 56023
35254549 149047336 5811576
35254634 149047399 6298652
35254720 149047479 6791284
35254803 149047567 7256136
35254886 149047660 732466
35254968 149047755 7493192
35255048 149047853 741726
35255126 149047950 72691
35255205 149048051 7365404
35255285 149048159 7715432
35255364 149048271 7996936
35255444 149048386 808398
35255523 149048505 8252512
35255601 149048625 8319184
35255678 149048747 8309924
35255753 149048872 8359928
35255826 149048999 8422896
35255897 149049128 8419192
35255967 149049260 8441416
35256036 149049392 8502532
35256105 149049525 8530312
35256175 149049660 8591428
35256247 149049794 8678472
35256321 149049929 87507
35256396 149050062 8756256
35256473 149050193 8771072
35256551 149050321 8717364
35256632 149050446 8643284
35256716 149050567 8578464
35256802 149050684 8495124
35256890 149050796 8441416
35256980 149050903 8365484
35257072 149051007 8319184
35257166 149051108 8311776
35257264 149051205 8346964
35257363 149051299 8374744
35257464 149051388 8326592
35257567 149051474 8300664
35257673 149051556 8326592
35257782 149051635 83803
35257894 149051710 8450676
35258009 149051782 8534016
35258127 149051851 860254
35258245 149051916 8615504
35258365 149051977 8563648
35258486 149052034 8559944
35258607 149052089 8548832
35258728 149052143 8502532
35258848 149052198 8476604
35258968 149052251 8406228
35259087 149052305 8391412
35259206 149052359 8409932
35259325 149052415 8424748
35259443 149052473 8430304
35259562 149052531 8456232
35259680 149052591 8461788
35259798 149052654 8526608
35259916 149052719 8582168
35260034 149052786 8578464
35260151 149052855 8585872
35260267 149052928 8608096
35260382 149053002 8609948
35260497 149053078 859328
35260611 149053155 8615504
35260723 149053234 8604392
35260835 149053314 8576612
35260946 149053395 8567352
35261056 149053479 8587724
35261165 149053564 8587724
35261272 149053651 855624
35261378 149053737 8495124
35261481 149053824 839882
35261583 149053912 8300664
35261684 149054001 826918
35261782 149054092 8258068
35261878 149054180 8150652
35261969 149054266 7882112
35262055 149054348 7550604
35262133 149054421 7020932
35262199 149054484 6137528
35262257 149054538 5265236
35262304 149054585 4550364
35262342 149054624 380586
35262369 149054655 3066912
35262385 149054676 2202028
35262390 149054682 1181576
35262393 149054685 459296
35262394 149054687 288912
35262401 149054700 529672
35262415 149054725 1311216
35262432 149054760 2161284
35262451 149054803 2705772
35262475 149054853 2946532
35262504 149054900 3302116
35262543 149054938 3353972
35262589 149054951 3316932
35262638 149054936 3329896
35262680 149054893 345398
35262711 149054827 382438
35262737 149054749 4300344
35262770 149054668 4494804
35262814 149054586 4876316
35262868 149054502 5374504
35262929 149054415 5857876
35262993 149054327 62042
35263060 149054238 6280132
35263130 149054146 6561636
35263202 149054052 6807952
35263275 149053956 6945
35263350 149053859 7141312
35263425 149053762 7141312
35263500 149053664 7172796
35263575 149053565 7257988
35263651 149053465 734318
35263727 149053364 7404296
35263804 149053264 7419112
35263880 149053165 7357996
35263958 149053067 7313548
35264036 149052968 7376516
35264116 149052869 7430224
35264196 149052771 747282
35264278 149052672 7539492
35264361 149052573 7633944
35264445 149052474 7689504
35264529 149052373 775988
35264614 149052272 7835812
35264698 149052172 7813588
35264781 149052074 7746916
35264863 149051977 7617276
35264942 149051882 7476524
35265018 149051791 7182056
35265091 149051704 697278
35265158 149051619 6539412
35265217 149051537 6161604
35265269 149051464 5706012
35265315 149051407 4841128
35265362 149051369 3957724
35265413 149051353 3587324
35265468 149051364 3618808
35265525 149051396 3887348
35265584 149051438 4341088
35265649 149051478 4561476
35265722 149051512 492632
35265803 149051534 529672
35265889 149051547 5646748
35265976 149051555 5709716
35266064 149051564 5831948
35266152 149051583 5835652
35266237 149051616 5826392
35266316 149051667 5791204
35266389 149051738 5856024
35266453 149051823 5989368
35266511 149051915 6137528
35266569 149052010 627828
35266625 149052106 6330136
35266680 149052200 6304208
35266735 149052291 6183828
35266790 149052379 6043076
35266845 149052462 590788
35266904 149052536 5733792
35266968 149052598 5505996
35267040 149052643 5430064
35267115 149052673 5239308
35267191 149052692 5255976
35267265 149052697 5096704
35267334 149052694 48152
35267395 149052687 4331828
35267447 149052682 385216
35267486 149052683 3013204
35267515 149052695 2239068
35267537 149052724 2122392
35267545 149052771 2376116
35267548 149052830 3013204
35267550 149052894 340768
35267556 149052960 3494724
35267571 149053024 368548
35267597 149053083 3720668
35267634 149053136 3752152
35267680 149053181 3928092
35267734 149053212 3978096
35267792 149053226 3946612
35267853 149053223 400958
35267915 149053202 4091068
35267977 149053172 4209596
35268039 149053139 4396648
35268102 149053105 4507768
35268164 149053070 4478136
35268225 149053033 4517028
35268283 149052993 4376276
35268337 149052948 4285528
35268384 149052896 4152184
35268424 149052840 4016988
35268456 149052781 3891052
35268480 149052727 3581768
35268497 149052685 2894676
35268509 149052659 1937192
35268518 149052646 1155648
35268526 149052641 725984
35268535 149052639 614864
35268545 149052642 637088
35268555 149052648 761172
35268562 149052654 729688
35268565 149052658 450036
35268526 149052697 061116
35268526 149052701 053708
35268526 149052705 059264
35268525 149052708 059264
35268525 149052711 070376
35268524 149052713 057412
35268523 149052715 05556
35268523 149052718 061116
35268522 149052720 06482
35268522 149052722 06482
35268523 149052723 059264
35268523 149052724 059264
35268523 149052724 05556
35268523 149052723 059264
35268523 149052723 053708
35268522 149052722 050004
35268522 149052721 05556
35268521 149052720 059264
35268521 149052719 057412
35268522 149052718 053708
35268524 149052717 237056
35268522 149052713 051856
35268521 149052711 05556
35268518 149052706 051856
35268517 149052707 051856
35268517 149052707 053708
35268517 149052706 053708
35268491 149052695 053708
35268487 149052697 057412
35268486 149052697 05556
