35174801 149045793 5998628
35174815 149045670 6170864
35174845 149045552 6430144
35174881 149045433 6637568
35174929 149045315 6998708
35174984 149045198 725058
35175042 149045080 7456152
35175102 149044959 7661724
35175163 149044837 7772844
35175225 149044714 7848776
35175287 149044590 7895076
35175352 149044467 7928412
35175419 149044347 8011752
35175491 149044231 7900632
35175566 149044116 797286
35175647 149044003 8067312
35175732 149043892 8246956
35175823 149043786 8291404
35175919 149043683 8395116
35176020 149043582 8571056
35176124 149043484 8680324
35176233 149043389 8734032
35176346 149043298 8900712
35176464 149043208 9063688
35176587 149043122 9254444
35176712 149043037 9406308
35176839 149042953 94915
35176967 149042871 9521132
35177095 149042789 9539652
35177225 149042710 9517428
35177354 149042632 9539652
35177484 149042554 9517428
35177613 149042477 9517428
35177742 149042400 9487796
35177870 149042323 942668
35177997 149042244 9437792
35178124 149042164 945446
35178248 149042081 9395196
35178371 149041997 9348896
35178493 149041910 9332228
35178613 149041821 9295188
35178731 149041729 9245184
35178847 149041636 9161844
35178961 149041542 9119248
35179075 149041445 9087764
35179186 149041348 9087764
35179297 149041248 9059984
35179408 149041144 9187772
35179520 149041036 9385936
35179630 149040925 9497056
35179739 149040812 9504464
35179845 149040698 9485944
35179951 149040583 9437792
35180055 149040465 9461868
35180159 149040347 9511872
35180263 149040226 9508168
35180365 149040105 9511872
35180467 149039985 9517428
35180570 149039865 9495204
35180671 149039744 940816
35180774 149039624 9467424
35180877 149039505 9485944
35180982 149039388 9498908
35181090 149039273 9513724
35181199 149039161 951928
35181309 149039050 950076
35181421 149038943 9469276
35181535 149038838 9461868
35181651 149038737 9447052
35181768 149038638 9465572
35181887 149038542 9471128
35182008 149038448 9467424
35182129 149038357 9437792
35182252 149038271 941742
35182376 149038188 93989
35182501 149038109 9374824
35182628 149038033 937112
35182756 149037958 9419272
35182886 149037887 9456312
35183016 149037818 9467424
35183148 149037752 9467424
35183280 149037689 9476684
35183415 149037630 9495204
35183552 149037575 9563728
35183691 149037524 9608176
35183831 149037476 9647068
35183972 149037431 965818
35184113 149037389 9682256
35184255 149037351 9654476
35184398 149037316 9672996
35184542 149037284 9708184
35184686 149037255 9687812
35184830 149037231 9669292
35184975 149037211 9643364
35185118 149037194 9628548
35185261 149037180 9548912
35185403 149037168 9489648
35185545 149037159 9517428
35185688 149037153 951002
35185829 149037151 9485944
35185971 149037154 946372
35186114 149037160 9493352
35186257 149037170 9522984
35186400 149037184 9550764
35186543 149037204 9504464
35186685 149037227 9543356
35186827 149037253 9558172
35186970 149037281 959336
35187111 149037309 954706
35187252 149037338 9524836
35187393 149037365 9521132
35187533 149037393 9484092
35187674 149037422 9515576
35187816 149037450 9543356
35187957 149037479 9539652
35188098 149037507 9513724
35188240 149037535 9526688
35188381 149037563 9511872
35188521 149037592 9478536
35188663 149037621 94915
35188804 149037649 950076
35188945 149037676 94915
35189085 149037702 9461868
35189225 149037729 9428532
35189365 149037756 9469276
35189505 149037783 9495204
35189646 149037811 9467424
35189786 149037838 9487796
35189927 149037865 9498908
35190068 149037892 9526688
35190210 149037920 951928
35190353 149037949 95378
35190495 149037978 9585952
35190639 149038008 9634104
35190782 149038036 9656328
35190927 149038065 9708184
35191073 149038093 9789672
35191218 149038121 978782
35191364 149038150 9808192
35191510 149038180 9823008
35191655 149038208 9804488
35191799 149038237 9743372
35191943 149038266 9689664
35192085 149038295 9635956
35192228 149038326 9624844
35192369 149038354 9645216
35192511 149038378 9504464
35192653 149038404 9604472
35192795 149038431 956558
35192936 149038456 957484
35193077 149038478 9513724
35193219 149038498 9493352
35193360 149038516 9461868
35193501 149038532 943594
35193641 149038544 93989
35193780 149038555 93526
35193920 149038563 932482
35194059 149038569 9322968
35194197 149038574 9293336
35194336 149038576 929704
35194475 149038576 9308152
35194615 149038573 9332228
35194755 149038568 9354452
35194895 149038559 9367416
35195035 149038548 9384084
35195176 149038535 9400752
35195316 149038518 9402604
35195457 149038499 9406308
35195598 149038479 9404456
35195738 149038457 9358156
35195878 149038434 9348896
35196017 149038408 9350748
35196157 149038381 9391492
35196297 149038352 9391492
35196437 149038324 942668
35196578 149038295 9432236
35196718 149038268 9448904
35196860 149038241 947298
35197001 149038216 94915
35197143 149038194 9484092
35197285 149038174 9504464
35197427 149038156 9502612
35197569 149038139 9484092
35197711 149038125 9461868
35197852 149038112 9428532
35197992 149038102 9385936
35198133 149038095 93526
35198273 149038091 9345192
35198414 149038090 9372972
35198556 149038090 940816
35198697 149038092 9432236
35198838 149038096 9410012
35198978 149038103 938964
35199119 149038112 9400752
35199260 149038124 9404456
35199400 149038140 9415568
35199540 149038159 9358156
35199680 149038179 9347044
35199819 149038200 9330376
35199957 149038222 932482
35200094 149038247 9274816
35200230 149038272 926
35200366 149038300 9215552
35200501 149038330 9178512
35200637 149038360 9154436
35200772 149038391 9163696
35200907 149038423 9132212
35201041 149038456 9098876
35201175 149038489 9097024
35201308 149038524 90748
35201441 149038561 90285
35201573 149038599 9039612
35201705 149038639 8993312
35201836 149038681 899146
35201965 149038724 899146
35202093 149038766 8900712
35202220 149038810 8811816
35202347 149038855 8819224
35202475 149038900 8854412
35202602 149038947 8809964
35202729 149038995 8800704
35202857 149039046 8813668
35202984 149039098 8848856
35203111 149039151 8835892
35203238 149039204 8845152
35203365 149039257 8893304
35203492 149039313 8900712
35203619 149039370 8932196
35203746 149039428 896368
35203872 149039488 8980348
35203998 149039549 9035908
35204124 149039611 9034056
35204251 149039674 9104432
35204379 149039739 9182216
35204507 149039805 9245184
35204636 149039874 928778
35204765 149039945 9358156
35204894 149040018 9450756
35205023 149040094 9460016
35205150 149040170 94452
35205277 149040246 938964
35205403 149040322 9308152
35205530 149040397 9369268
35205656 149040473 9372972
35205784 149040548 9402604
35205912 149040623 9424828
35206041 149040697 9478536
35206172 149040771 9560024
35206305 149040843 9606324
35206438 149040914 9641512
35206572 149040986 9663736
35206707 149041056 9711888
35206843 149041125 9756336
35206980 149041193 9835972
35207118 149041261 9885976
35207255 149041327 987116
35207393 149041392 9839676
35207530 149041456 9830416
35207668 149041518 9830416
35207806 149041577 9810044
35207944 149041633 9726704
35208083 149041687 969522
35208222 149041739 9771152
35208361 149041789 9687812
35208501 149041835 964892
35208641 149041878 9671144
35208782 149041919 9626696
35208922 149041957 9610028
35209062 149041993 9563728
35209203 149042027 9558172
35209343 149042059 9526688
35209483 149042089 9497056
35209623 149042116 9452608
35209762 149042140 9413716
35209901 149042161 9413716
35210041 149042181 9422976
35210182 149042200 9422976
35210323 149042216 9443348
35210463 149042230 9410012
35210604 149042241 9430384
35210745 149042249 9413716
35210885 149042256 9374824
35211026 149042259 9348896
35211166 149042261 9345192
35211306 149042261 9298892
35211445 149042258 926926
35211584 149042254 9247036
35211723 149042248 9197032
35211860 149042241 915814
35211998 149042232 913036
35212136 149042222 91211
35212274 149042210 9150732
35212412 149042195 9182216
35212549 149042179 9150732
35212687 149042161 9171104
35212825 149042143 9172956
35212961 149042125 9113692
35213098 149042105 9078504
35213234 149042084 9113692
35213371 149042061 9141472
35213507 149042035 9106284
35213641 149042006 9071096
35213775 149041972 9048872
35213907 149041934 9015536
35214038 149041894 8956272
35214168 149041853 891738
35214298 149041811 8904416
35214426 149041767 8874784
35214554 149041722 8830336
35214681 149041674 8808112
35214807 149041626 8828484
35214934 149041576 8813668
35215062 149041526 8878488
35215190 149041473 8980348
35215319 149041417 904702
35215447 149041359 9097024
35215576 149041300 9087764
35215705 149041239 9097024
35215833 149041178 9132212
35215961 149041116 9134064
35216088 149041051 911184
35216213 149040985 9095172
35216337 149040915 9087764
35216460 149040843 906554
35216583 149040770 9050724
35216705 149040696 9063688
35216827 149040619 9122952
35216949 149040539 914888
35217070 149040459 9159992
35217191 149040379 9117396
35217312 149040298 9091468
35217431 149040215 9091468
35217549 149040130 908406
35217666 149040043 9063688
35217782 149039955 9041464
35217898 149039866 8993312
35218012 149039776 8984052
35218127 149039685 9032204
35218241 149039591 9126656
35218356 149039497 9141472
35218468 149039401 913962
35218581 149039305 908406
35218692 149039208 9089616
35218802 149039109 9067392
35218911 149039008 9082208
35219018 149038906 9076652
35219125 149038801 9085912
35219230 149038696 9091468
35219335 149038589 9098876
35219439 149038481 9113692
35219541 149038371 9126656
35219641 149038260 9076652
35219741 149038149 9015536
35219839 149038037 897294
35219937 149037925 8971088
35220033 149037812 8930344
35220129 149037699 889886
35220224 149037586 8902564
35220318 149037471 8906268
35220411 149037354 8872932
35220502 149037236 8847004
35220592 149037117 877848
35220680 149036997 8811816
35220767 149036877 8767368
35220852 149036758 86581
35220936 149036637 8576612
35221022 149036514 8724772
35221109 149036390 8928492
35221194 149036266 8893304
35221278 149036144 876922
35221361 149036024 8646988
35221443 149035905 8521052
35221525 149035787 8465492
35221606 149035668 8478456
35221688 149035551 8395116
35221771 149035438 8295108
35221857 149035330 8196952
35221945 149035229 8104352
35222037 149035134 8002492
35222132 149035043 8032124
35222232 149034956 8202508
35222335 149034874 8226584
35222439 149034800 8085832
35222545 149034731 8015456
35222652 149034669 8004344
35222761 149034615 7882112
35222870 149034567 7765436
35222980 149034525 7785808
35223092 149034489 772284
35223205 149034460 7687652
35223319 149034435 7745064
35223434 149034414 7780252
35223549 149034395 7782104
35223664 149034376 7761732
35223777 149034358 766728
35223890 149034339 75932
35224004 149034320 7659872
35224117 149034301 7670984
35224231 149034282 765802
35224345 149034264 7682096
35224460 149034245 7696912
35224576 149034226 7717284
35224692 149034207 7795068
35224808 149034188 7804328
35224925 149034170 7804328
35225044 149034152 7911744
35225162 149034132 7959896
35225280 149034113 7948784
35225399 149034094 7974712
35225517 149034074 794508
35225636 149034055 7965452
35225756 149034037 7976564
35225875 149034018 7995084
35225993 149034000 7948784
35226109 149033983 7859888
35226224 149033967 7724692
35226337 149033953 763024
35226452 149033942 7691356
35226566 149033933 7654316
35226681 149033927 7635796
35226796 149033925 7678392
35226912 149033926 7683948
35227028 149033930 7672836
35227143 149033935 7746916
35227259 149033942 7756176
35227376 149033953 776914
35227492 149033965 780618
35227609 149033981 781544
35227724 149034000 776914
35227840 149034024 7745064
35227955 149034049 7767288
35228070 149034077 7746916
35228184 149034106 7767288
35228298 149034138 7774696
35228412 149034172 7800624
35228525 149034209 7811736
35228638 149034249 7782104
35228751 149034292 7871
35228863 149034337 7841368
35228975 149034385 7871
35229086 149034436 7924708
35229197 149034488 7909892
35229306 149034544 788026
35229414 149034601 7891372
35229521 149034661 7871
35229627 149034725 7859888
35229731 149034792 7854332
35229835 149034861 7869148
35229938 149034934 7858036
35230039 149035010 7841368
35230139 149035091 784322
35230236 149035175 7859888
35230331 149035260 7817292
35230426 149035348 7780252
35230518 149035438 7774696
35230608 149035531 7730248
35230695 149035627 7733952
35230780 149035726 77321
35230862 149035827 7708024
35230941 149035931 7652464
35231020 149036036 7763584
35231098 149036144 7798772
35231176 149036252 7826552
35231252 149036361 7832108
35231327 149036470 7772844
35231400 149036580 772284
35231471 149036691 7683948
35231542 149036804 7696912
35231612 149036917 7733952
35231680 149037031 7696912
35231746 149037145 7702468
35231811 149037260 7680244
35231875 149037375 7650612
35231938 149037490 7609868
35232001 149037605 756542
35232064 149037720 756542
35232128 149037836 7596904
35232192 149037952 7632092
35232256 149038070 7683948
35232320 149038189 7715432
35232384 149038308 7708024
35232449 149038425 771358
35232514 149038542 7672836
35232579 149038657 7641352
35232644 149038771 7606164
35232710 149038883 757468
35232776 149038993 7567272
35232843 149039103 7539492
35232911 149039213 7532084
35232981 149039324 7615424
35233053 149039434 7706172
35233128 149039544 776914
35233205 149039653 7830256
35233283 149039761 7904336
35233361 149039868 7863592
35233441 149039975 7906188
35233521 149040080 7882112
35233603 149040183 7874704
35233686 149040285 7872852
35233770 149040386 7865444
35233855 149040485 7832108
35233940 149040582 7820996
35234026 149040678 7728396
35234113 149040772 7715432
35234204 149040870 7748768
35234294 149040966 7793216
35234384 149041061 7832108
35234476 149041151 77784
35234568 149041241 779692
35234661 149041329 7795068
35234754 149041416 7776548
35234848 149041501 7826552
35234942 149041585 7811736
35235036 149041667 7745064
35235131 149041746 7700616
35235228 149041825 7702468
35235325 149041903 77784
35235423 149041980 7793216
35235523 149042056 781544
35235624 149042130 7869148
35235727 149042202 7900632
35235831 149042271 794508
35235935 149042338 7950636
35236039 149042405 7915448
35236142 149042470 7882112
35236244 149042532 7804328
35236347 149042593 7728396
35236449 149042651 7683948
35236552 149042708 7635796
35236655 149042764 765802
35236760 149042819 7650612
35236866 149042875 775988
35236973 149042930 7845072
35237079 149042985 775062
35237184 149043039 7674688
35237284 149043089 76858
35237369 149043131 6822768
35237438 149043166 5517108
35237498 149043196 4646668
35237547 149043221 3983652
35237588 149043241 337064
35237620 149043257 2711328
35237643 149043268 2066832
35237658 149043276 1598276
35237665 149043279 1007488
35237667 149043279 429664
35237667 149043279 285208
35237664 149043278 116676
35237653 149043280 318544
35237678 149043293 1218616
35237714 149043312 223166
35237759 149043335 2822448
35237814 149043363 3405828
35237881 149043398 4237376
35237953 149043437 4998548
35238031 149043478 5209676
35238117 149043523 5726384
35238208 149043571 6304208
35238303 149043622 6578304
35238401 149043674 6813508
35238503 149043727 7109828
35238605 149043780 7254284
35238707 149043834 7170944
35238812 149043889 7263544
35238920 149043945 761172
35239028 149044001 7706172
35239137 149044059 7756176
35239246 149044115 7845072
35239353 149044170 7720988
35239460 149044224 7596904
35239568 149044279 767654
35239677 149044334 776914
35239785 149044389 7743212
35239893 149044443 7700616
35240002 149044493 7659872
35240111 149044539 7608016
35240221 149044582 7637648
35240332 149044622 764876
35240443 149044658 7619128
35240554 149044691 7596904
35240664 149044721 7532084
35240773 149044747 7467264
35240882 149044770 738022
35240989 149044792 7313548
35241095 149044810 7248728
35241202 149044825 7209836
35241310 149044838 7245024
35241418 149044848 7330216
35241527 149044856 7322808
35241636 149044862 725984
35241745 149044866 723206
35241857 149044867 730614
35241970 149044866 7439484
35242084 149044863 7493192
35242198 149044858 7502452
35242311 149044850 7467264
35242423 149044839 7415408
35242535 149044824 7400592
35242647 149044806 7424668
35242758 149044786 7419112
35242868 149044764 7395036
35242976 149044739 732466
35243083 149044711 7282064
35243188 149044681 7224652
35243292 149044650 7174648
35243395 149044616 7106124
35243496 149044579 7017228
35243596 149044541 691722
35243698 149044502 6937592
35243801 149044462 7124644
35243907 149044422 7274656
35244014 149044382 737096
35244122 149044341 7428372
35244230 149044299 749134
35244340 149044257 7580236
35244451 149044216 7628388
35244563 149044177 7693208
35244675 149044141 7711728
35244788 149044108 769506
35244902 149044078 7730248
35245018 149044049 7761732
35245134 149044022 7856184
35245251 149043998 7893224
35245369 149043976 7928412
35245488 149043958 7941376
35245607 149043941 7958044
35245726 149043928 7985824
35245845 149043917 795434
35245964 149043908 7893224
35246083 149043902 7858036
35246202 149043900 7887668
35246322 149043901 788952
35246442 149043905 788026
35246560 149043911 7850628
35246678 149043918 7858036
35246795 149043927 7887668
35246912 149043940 7876556
35247030 149043956 7885816
35247147 149043974 790804
35247263 149043995 7902484
35247380 149044019 7921004
35247496 149044046 795434
35247613 149044076 7967304
35247730 149044108 799138
35247846 149044144 7961748
35247961 149044182 794508
35248075 149044223 7919152
35248187 149044265 7869148
35248296 149044309 776914
35248401 149044355 7532084
35248500 149044400 7252432
35248594 149044445 6933888
35248682 149044488 6567192
35248766 149044530 61116
35248844 149044572 5894916
35248917 149044610 5541184
35248982 149044643 5031884
35249037 149044672 4354052
35249083 149044696 3783636
35249119 149044713 308358
35249142 149044726 2266848
35249154 149044732 1403816
35249159 149044734 746356
35249159 149044734 344472
35249156 149044731 072228
35249143 149044722 051856
35249159 149044730 688944
35249186 149044744 1605684
35249224 149044763 2387228
35249269 149044785 2987276
35249324 149044810 3392864
35249389 149044841 4174408
35249462 149044877 4968916
35249539 149044917 52319
35249621 149044965 5609708
35249706 149045018 6152344
35249793 149045075 6346804
35249883 149045132 6507928
35249977 149045187 6693128
35250077 149045235 6900552
35250182 149045276 70839
35250291 149045313 7289472
35250404 149045347 7548752
35250519 149045378 7595052
35250635 149045407 7680244
35250754 149045435 7867296
35250876 149045461 8033976
35250998 149045487 809324
35251121 149045515 8159912
35251243 149045543 8228436
35251365 149045570 82414
35251486 149045597 8243252
35251606 149045625 81951
35251724 149045653 8059904
35251840 149045684 794508
35251956 149045717 790804
35252070 149045752 7832108
35252183 149045790 7783956
35252294 149045830 7726544
35252404 149045873 7696912
35252513 149045918 7669132
35252620 149045966 7600608
35252727 149046016 75932
35252832 149046069 750986
35252936 149046124 7467264
35253039 149046179 743578
35253142 149046235 7448744
35253243 149046293 7404296
35253343 149046354 7363552
35253440 149046417 7382072
35253535 149046481 7332068
35253626 149046546 7141312
35253713 149046610 6922776
35253794 149046671 6554228
35253867 149046727 6087524
35253930 149046776 5494884
35253982 149046819 4605924
35254024 149046861 3813268
35254056 149046912 3635476
35254081 149046974 3679924
35254103 149047040 3896608
35254129 149047106 4076252
35254165 149047168 4122552
35254214 149047218 4317012
35254274 149047252 4422576
35254344 149047275 464852
35254421 149047302 5115224
35254501 149047341 5604152
35254581 149047393 5983812
35254661 149047458 610234
35254741 149047536 6550524
35254824 149047624 692648
35254907 149047717 732466
35254991 149047813 7420964
35255076 149047913 7604312
35255164 149048014 7828404
35255252 149048117 793582
35255337 149048223 7969156
35255418 149048332 7993232
35255497 149048445 8004344
35255574 149048561 8063608
35255649 149048680 8072868
35255723 149048800 8067312
35255795 149048922 8021012
35255864 149049044 7948784
35255930 149049165 7904336
35255994 149049287 7848776
35256058 149049407 7839516
35256121 149049528 7800624
35256182 149049648 7761732
35256244 149049766 7683948
35256306 149049884 7596904
35256369 149050001 7626536
35256435 149050117 7700616
35256502 149050232 7678392
35256571 149050344 7682096
35256643 149050455 7719136
35256719 149050562 7728396
35256798 149050665 7745064
35256879 149050765 7756176
35256962 149050862 7756176
35257047 149050958 7767288
35257134 149051052 7746916
35257223 149051144 778766
35257314 149051233 774136
35257406 149051317 7656168
35257499 149051400 7645056
35257595 149051478 7617276
35257692 149051554 7663576
35257790 149051626 7717284
35257890 149051694 766728
35257992 149051758 7687652
35258095 149051819 7696912
35258200 149051877 7709876
35258307 149051931 7733952
35258415 149051984 7765436
35258525 149052036 7819144
35258637 149052087 7893224
35258749 149052138 7969156
35258862 149052188 7989528
35258974 149052239 7933968
35259085 149052288 7878408
35259195 149052339 783396
35259306 149052390 7863592
35259416 149052443 788952
35259526 149052497 792656
35259635 149052554 7937672
35259744 149052612 7922856
35259851 149052672 789878
35259958 149052733 7856184
35260064 149052794 7845072
35260170 149052857 7863592
35260275 149052922 7867296
35260380 149052990 7859888
35260483 149053060 7856184
35260586 149053130 781544
35260687 149053200 7795068
35260786 149053271 7763584
35260884 149053343 769506
35260981 149053416 7656168
35261078 149053490 7635796
35261174 149053565 761172
35261271 149053641 7622832
35261368 149053719 770432
35261464 149053799 7761732
35261561 149053883 77784
35261658 149053970 79173
35261756 149054059 803768
35261850 149054148 7959896
35261941 149054235 7691356
35262026 149054318 7356144
35262106 149054396 7030192
35262180 149054467 6570896
35262248 149054533 610234
35262307 149054591 5544888
35262355 149054643 4711488
35262396 149054695 418552
35262430 149054752 4035508
35262458 149054808 3892904
35262482 149054860 3579916
35262508 149054907 3292856
35262541 149054943 3163216
35262581 149054964 3098396
35262624 149054966 3048392
35262665 149054946 30558
35262698 149054905 3053948
35262722 149054846 3202108
35262744 149054774 3757708
35262772 149054698 4116996
35262810 149054618 4448504
35262858 149054535 50467
35262914 149054450 556526
35262975 149054365 5818984
35263040 149054278 6052336
35263107 149054188 6341248
35263176 149054097 6550524
35263246 149054005 6661644
35263317 149053914 6669052
35263389 149053822 6719056
35263463 149053729 6930184
35263539 149053632 7119088
35263617 149053533 7341328
35263694 149053433 7476524
35263772 149053334 7348736
35263850 149053233 7437632
35263930 149053133 7517268
35264011 149053032 7578384
35264093 149052931 7633944
35264175 149052831 7680244
35264257 149052731 765802
35264337 149052632 7589496
35264416 149052535 7522824
35264493 149052440 7357996
35264570 149052346 7219096
35264647 149052251 7243172
35264725 149052157 7313548
35264802 149052065 7245024
35264876 149051975 7013524
35264948 149051888 682462
35265018 149051807 6598676
35265082 149051730 6248648
35265140 149051657 580602
35265191 149051588 5383764
35265235 149051526 496336
35265274 149051471 4359608
35265311 149051424 390772
35265353 149051389 3615104
35265399 149051372 3442868
35265448 149051376 3263224
35265500 149051400 35188
35265555 149051436 3994764
35265615 149051476 4363312
35265682 149051512 45837
35265757 149051539 4992992
35265837 149051554 5298572
35265921 149051561 542636
35266008 149051568 5717124
35266094 149051580 5770832
35266176 149051602 5635636
35266255 149051638 5591188
35266328 149051691 56486
35266395 149051758 5717124
35266454 149051836 5744904
35266509 149051923 5730088
35266563 149052013 5835652
35266616 149052102 5848616
35266668 149052189 5783796
35266719 149052275 562082
35266770 149052360 5589336
35266823 149052440 5570816
35266878 149052514 5441176
35266939 149052579 5381912
35267008 149052632 5409692
35267082 149052669 5457844
35267157 149052691 5330056
35267230 149052700 5004104
35267300 149052700 484298
35267366 149052695 4681856
35267422 149052689 4159592
35267468 149052685 3479908
35267502 149052689 2755776
35267526 149052706 2126096
35267539 149052738 1998308
35267543 149052782 2255736
35267545 149052838 2772444
35267549 149052904 3422496
35267557 149052970 3718816
35267574 149053035 3687332
35267605 149053097 3865124
35267648 149053152 406514
35267700 149053194 4154036
35267758 149053221 4135516
35267820 149053228 4091068
35267883 149053217 4144776
35267947 149053191 4291084
35268014 149053158 4589256
35268082 149053122 4715192
35268151 149053085 4876316
35268219 149053045 4915208
35268282 149053001 484298
35268339 149052952 4568884
35268390 149052895 450962
35268433 149052833 4479988
35268468 149052771 4265156
35268489 149052716 3765116
35268502 149052674 2798372
35268515 149052651 1892744
35268528 149052643 1224172
35268539 149052644 88896
35268550 149052648 718576
35268561 149052655 859328
35268570 149052664 100934
35268572 149052668 600048
35268570 149052670 142604
