35268484 149051013 2264996
35268491 149051006 1846444
35268509 149050971 1464932
35268508 149050944 1151944
35268495 149050932 1122312
35268478 149050932 1181576
35268463 149050943 1038972
35268452 149050964 976004
35268437 149050993 1383444
35268416 149051028 2016828
35268394 149051065 2477976
35268371 149051098 2309444
35268343 149051121 2189064
35268306 149051128 2198324
35268259 149051122 2761332
35268204 149051116 3279892
35268145 149051114 3772524
35268089 149051113 378734
35268046 149051111 3294708
35268019 149051109 2385376
35268006 149051105 1183428
35267994 149051098 535228
35267978 149051081 1085272
35267964 149051041 1633464
35267962 149050988 2227956
35267970 149050922 2940976
35267984 149050845 3711408
35268003 149050762 4413316
35268029 149050675 4650372
35268063 149050583 5070776
35268103 149050491 5357836
35268148 149050405 533376
35268195 149050329 5183748
35268240 149050262 4780012
35268282 149050204 427812
35268318 149050156 382438
35268344 149050122 309284
35268359 149050102 2022384
35268369 149050088 950076
35268379 149050065 1096384
35268382 149050025 1801996
35268371 149049978 253724
35268344 149049928 2878008
35268309 149049867 352806
35268273 149049792 4372572
35268238 149049707 4939284
35268208 149049615 5170784
35268182 149049513 5556
35268163 149049406 5831948
35268150 149049296 5883804
35268146 149049185 5933808
35268152 149049074 59264
35268170 149048965 5931956
35268196 149048857 5989368
35268227 149048752 6100488
35268260 149048648 6094932
35268294 149048547 6007888
35268325 149048447 5848616
35268350 149048348 5720828
35268369 149048248 5522664
35268379 149048146 56023
35268380 149048045 5428212
35268377 149047947 5261532
35268373 149047855 5091148
35268370 149047774 4692968
35268370 149047707 3968836
35268371 149047655 3291004
35268371 149047621 2396488
35268369 149047603 1357516
35268367 149047596 683388
35268364 149047594 272244
35268354 149047604 05556
35268352 149047605 050004
35268352 149047604 051856
35268352 149047600 061116
35268350 149047584 488928
35268341 149047549 1392704
35268315 149047509 2635396
35268268 149047483 3159512
35268203 149047478 3811416
35268124 149047484 4757788
35268036 149047495 556526
35267941 149047512 6044928
35267840 149047537 654682
35267735 149047570 698204
35267627 149047611 7200576
35267517 149047662 7563568
35267408 149047721 7693208
35267300 149047787 7783956
35267194 149047860 7808032
35267093 149047939 775062
35266995 149048025 771358
35266902 149048117 7708024
35266813 149048216 7735804
35266729 149048322 78247
35266651 149048435 7904336
35266579 149048554 7937672
35266512 149048678 7995084
35266451 149048809 806546
35266394 149048944 8152504
35266340 149049083 8189544
35266286 149049221 823214
35266231 149049359 821362
35266175 149049496 8233992
35266118 149049633 8258068
35266062 149049772 8308072
35266006 149049910 8330296
35265951 149050048 831548
35265895 149050184 8276588
35265837 149050320 8267328
35265777 149050453 8252512
35265715 149050584 823214
35265651 149050712 8226584
35265585 149050838 8191396
35265517 149050961 8132132
35265448 149051082 8106204
35265378 149051201 8095092
35265306 149051318 804694
35265234 149051432 7967304
35265162 149051545 790804
35265088 149051656 7856184
35265013 149051763 779692
35264934 149051868 7782104
35264854 149051971 783396
35264771 149052073 7876556
35264686 149052174 7867296
35264602 149052274 7858036
35264517 149052375 7848776
35264432 149052476 7896928
35264348 149052577 7915448
35264264 149052679 7896928
35264180 149052780 7828404
35264097 149052879 7785808
35264013 149052978 7754324
35263929 149053076 7706172
35263844 149053173 7770992
35263756 149053270 7841368
35263666 149053365 7904336
35263576 149053461 792656
35263484 149053555 7941376
35263395 149053650 7932116
35263307 149053746 7874704
35263221 149053845 7813588
35263138 149053946 7819144
35263059 149054048 772284
35262984 149054148 7511712
35262913 149054244 7335772
35262847 149054333 6891292
35262788 149054412 6319024
35262736 149054478 5498588
35262690 149054531 4617036
35262642 149054577 4004024
35262588 149054618 417626
35262532 149054651 4409612
35262479 149054687 4179964
35262435 149054744 4209596
35262403 149054825 4681856
35262373 149054918 5339316
35262335 149055011 557452
35262283 149055105 588936
35262222 149055198 6402364
35262157 149055289 646348
35262090 149055381 6596824
35262023 149055474 667646
35261956 149055569 6785728
35261885 149055667 698204
35261813 149055767 715798
35261740 149055867 7254284
35261666 149055968 727836
35261593 149056069 7317252
35261520 149056170 7304288
35261448 149056272 7328364
35261375 149056374 7341328
35261303 149056474 7328364
35261233 149056571 7170944
35261164 149056665 6976484
35261098 149056757 6767208
35261035 149056846 659312
35260978 149056926 6163456
35260928 149056995 5531924
35260887 149057049 4578144
35260854 149057088 3596584
35260827 149057115 2726144
35260801 149057134 2172396
35260770 149057151 2113132
35260730 149057170 265762
35260687 149057200 3207664
35260649 149057249 3607696
35260619 149057316 4042916
35260590 149057390 4415168
35260558 149057467 4515176
35260521 149057549 4837424
35260480 149057635 5226344
35260435 149057726 5572668
35260386 149057820 588936
35260336 149057915 6087524
35260286 149058011 6043076
35260234 149058112 6228276
35260183 149058217 6469036
35260131 149058327 665794
35260079 149058440 6844992
35260030 149058554 6945
35259982 149058671 6996856
35259934 149058790 7082048
35259890 149058912 712094
35259848 149059035 7152424
35259808 149059161 723206
35259768 149059290 7393184
35259731 149059424 7552456
35259697 149059558 76858
35259665 149059692 7580236
35259635 149059828 7628388
35259606 149059965 7669132
35259581 149060103 7724692
35259558 149060241 7711728
35259537 149060380 772284
35259519 149060520 7770992
35259503 149060662 7793216
35259489 149060806 790804
35259479 149060952 801916
35259470 149061098 8021012
35259464 149061244 794508
35259460 149061392 7948784
35259459 149061541 8043236
35259461 149061690 80562
35259466 149061837 7921004
35259475 149061984 79173
35259486 149062131 7948784
35259500 149062276 7958044
35259515 149062420 7865444
35259532 149062562 7789512
35259552 149062701 7724692
35259574 149062832 756542
35259597 149062954 7026488
35259621 149063070 677832
35259642 149063177 6372732
35259661 149063277 5911584
35259678 149063369 551896
35259691 149063452 50004
35259698 149063528 4517028
35259698 149063603 4281824
35259694 149063677 4198484
35259699 149063754 4244784
35259719 149063835 4433688
35259754 149063920 4989288
35259793 149064013 5493032
35259830 149064117 5811576
35259863 149064232 638014
35259895 149064354 6726464
35259926 149064482 7032044
35259956 149064617 741726
35259983 149064755 7691356
35260006 149064897 7726544
35260026 149065041 7859888
35260042 149065185 7948784
35260056 149065329 794508
35260067 149065473 788026
35260076 149065618 7830256
35260084 149065762 7828404
35260088 149065904 7765436
35260089 149066043 7632092
35260086 149066178 7496896
35260082 149066312 7345032
35260076 149066445 7261692
35260068 149066576 725058
35260059 149066699 7080196
35260051 149066808 6420884
35260042 149066901 5539332
35260034 149066975 4631852
35260026 149067031 3678072
35260017 149067069 2659472
35260010 149067092 1890892
35260004 149067102 107416
35259997 149067114 57412
35259980 149067141 1400112
35259957 149067180 2470568
35259938 149067235 3013204
35259933 149067306 3652144
35259940 149067391 4428132
35259945 149067487 508374
35259945 149067592 5387468
35259941 149067706 589862
35259936 149067830 6422736
35259929 149067960 6869068
35259923 149068095 7043156
35259919 149068236 7393184
35259916 149068381 7735804
35259916 149068528 7772844
35259919 149068677 793582
35259925 149068827 803768
35259933 149068978 807472
35259943 149069128 8063608
35259956 149069276 8033976
35259970 149069423 7996936
35259988 149069568 7956192
35260009 149069713 797286
35260033 149069856 7980268
35260058 149069997 792656
35260084 149070138 7846924
35260112 149070277 7830256
35260141 149070415 7809884
35260173 149070550 7708024
35260210 149070682 7656168
35260251 149070812 763024
35260294 149070943 7730248
35260337 149071075 7789512
35260381 149071208 7835812
35260425 149071342 7895076
35260468 149071478 7965452
35260512 149071615 8032124
35260556 149071754 8117316
35260602 149071893 8180284
35260647 149072033 8202508
35260693 149072173 8206212
35260737 149072314 8171024
35260781 149072456 8189544
35260825 149072597 8193248
35260870 149072736 8208064
35260915 149072877 8172876
35260960 149073017 8174728
35261005 149073156 8154356
35261050 149073294 8106204
35261094 149073432 812102
35261137 149073568 8035828
35261180 149073703 7946932
35261222 149073834 7819144
35261261 149073962 7561716
35261299 149074084 7382072
35261332 149074197 7035748
35261360 149074299 6431996
35261385 149074387 5600448
35261406 149074461 4739268
35261419 149074524 3892904
35261422 149074590 348176
35261411 149074660 3804008
35261383 149074729 411144
35261338 149074791 43522
35261280 149074849 4631852
35261216 149074909 50467
35261146 149074973 5457844
35261071 149075041 585232
35260989 149075111 6224572
35260904 149075184 6626456
35260814 149075256 6811656
35260722 149075326 6872772
35260624 149075392 702834
35260523 149075452 719502
35260419 149075512 737096
35260313 149075574 7539492
35260206 149075642 7735804
35260102 149075716 7887668
35260000 149075798 7828404
35259903 149075886 7882112
35259810 149075981 79173
35259722 149076083 7987676
35259639 149076191 8015456
35259560 149076305 8089536
35259484 149076426 8165468
35259413 149076553 8233992
35259347 149076685 827844
35259286 149076821 8311776
35259231 149076961 830622
35259181 149077104 8321036
35259136 149077250 8395116
35259095 149077396 8411784
35259056 149077543 8395116
35259016 149077691 8406228
35258977 149077840 8469196
35258939 149077987 845438
35258900 149078135 8400672
35258861 149078283 8428452
35258820 149078430 8450676
35258776 149078576 846364
35258727 149078719 8498828
35258672 149078859 8485864
35258613 149078994 8432156
35258548 149079127 84266
35258476 149079256 8493272
35258401 149079381 8522904
35258323 149079503 850068
35258241 149079624 8502532
35258157 149079745 8558092
35258072 149079866 8684028
35257984 149079989 8780332
35257895 149080112 8885896
35257803 149080236 8958124
35257711 149080359 9015536
35257618 149080484 9097024
35257525 149080609 9159992
35257431 149080736 9215552
35257335 149080863 9293336
35257239 149080992 9350748
35257142 149081122 9432236
35257045 149081252 9513724
35256947 149081384 9587804
35256848 149081517 9656328
35256750 149081650 9706332
35256651 149081783 9745224
35256554 149081915 9721148
35256456 149082048 973226
35256358 149082181 9726704
35256260 149082314 9726704
35256162 149082447 974152
35256064 149082582 9791524
35255967 149082716 9821156
35255869 149082850 982486
35255771 149082985 9832268
35255674 149083120 9835972
35255575 149083255 9850788
35255474 149083391 9989688
35255372 149083528 10034136
35255269 149083665 10104512
35255165 149083801 1014896
35255059 149083934 10173036
35254951 149084062 10098956
35254842 149084187 10017468
35254729 149084310 10030432
35254615 149084430 1002858
35254499 149084548 10006356
35254381 149084664 999154
35254261 149084777 10006356
35254139 149084886 9985984
35254015 149084993 10024876
35253889 149085097 1001932
35253763 149085198 9989688
35253636 149085296 9924868
35253508 149085390 9947092
35253379 149085481 9911904
35253251 149085568 9830416
35253122 149085651 9739668
35252992 149085731 9687812
35252861 149085809 975078
35252728 149085883 9780412
35252593 149085956 9832268
35252457 149086025 9891532
35252319 149086092 9897088
35252181 149086155 9906348
35252042 149086214 9865604
35251902 149086271 9828564
35251763 149086325 979708
35251624 149086375 9748928
35251484 149086423 969522
35251342 149086468 97693
35251199 149086510 9819304
35251055 149086549 9761892
35250909 149086585 985264
35250763 149086619 9869308
35250616 149086650 9858196
35250469 149086677 9850788
35250321 149086700 983412
35250172 149086719 9832268
35250023 149086736 9817452
35249875 149086751 9828564
35249727 149086761 9811896
35249581 149086767 9767448
35249435 149086769 966744
35249289 149086770 9693368
35249143 149086771 9715592
35248996 149086771 9721148
35248849 149086773 9748928
35248701 149086776 9832268
35248553 149086779 9873012
35248403 149086780 993598
35248253 149086780 9930424
35248103 149086779 9947092
35247953 149086778 9967464
35247803 149086777 9960056
35247653 149086776 9958204
35247504 149086776 988042
35247356 149086776 9795228
35247207 149086776 9773004
35247059 149086777 9795228
35246910 149086778 9785968
35246761 149086778 9830416
35246612 149086779 9811896
35246464 149086779 9860048
35246318 149086780 9813748
35246172 149086781 9734112
35246028 149086781 9654476
35245888 149086781 951002
35245752 149086781 9248888
35245620 149086780 8974792
35245491 149086780 8711808
35245366 149086778 8526608
35245245 149086777 8245104
35245125 149086777 8054348
35245007 149086776 7996936
35244889 149086777 7958044
35244772 149086777 7893224
35244654 149086778 7839516
35244535 149086778 7895076
35244415 149086780 7987676
35244298 149086785 7933968
35244182 149086795 7854332
35244067 149086810 7776548
35243955 149086832 7719136
35243848 149086857 757468
35243750 149086885 7174648
35243661 149086912 6539412
35243579 149086934 6024556
35243506 149086948 5309684
35243441 149086954 4742972
35243386 149086953 4155888
35243343 149086949 3413236
35243314 149086943 2616876
35243299 149086939 1705692
35243293 149086936 807472
35243291 149086934 4167
35243289 149086932 312988
35243280 149086930 414848
35243255 149086925 1224172
35243214 149086918 2431676
35243164 149086911 3253964
35243109 149086916 3561396
35243053 149086947 392624
35243000 149087006 4378128
35242945 149087082 5152264
35242882 149087165 5802316
35242812 149087251 6133824
35242733 149087339 6752392
35242646 149087425 7189464
35242551 149087509 7428372
35242451 149087592 7793216
35242347 149087672 7976564
35242240 149087751 8087684
35242132 149087830 8233992
35242025 149087909 8243252
35241918 149087990 821362
35241813 149088073 8245104
35241709 149088156 8200656
35241605 149088240 8191396
35241502 149088326 8219176
35241400 149088414 8237696
35241299 149088502 81951
35241197 149088591 8245104
35241094 149088682 8313628
35240993 149088774 8356224
35240893 149088869 8345112
35240796 149088964 8295108
35240701 149089061 82414
35240608 149089160 8145096
35240515 149089260 8165468
35240423 149089364 8304368
35240332 149089469 8337704
35240242 149089575 8334
35240154 149089684 8326592
35240066 149089795 8367336
35239979 149089907 8428452
35239892 149090021 8428452
35239806 149090135 8441416
35239722 149090248 8385856
35239638 149090360 834326
35239555 149090472 8345112
35239473 149090581 8265476
35239393 149090688 811176
35239315 149090792 7850628
35239239 149090895 7726544
35239168 149090991 7422816
35239101 149091080 6844992
35239037 149091166 6554228
35238976 149091248 631532
35238922 149091322 5837504
35238875 149091387 5165228
35238833 149091444 4563328
35238797 149091494 41207
35238766 149091535 3596584
35238743 149091566 2913196
35238730 149091583 200942
35238724 149091592 1096384
35238721 149091595 572268
35238721 149091596 288912
35238722 149091593 098156
35238732 149091583 201868
35238714 149091607 1196392
35238687 149091644 2363152
35238652 149091690 3103952
35238608 149091746 3681776
35238557 149091815 457444
35238499 149091892 5350428
35238437 149091975 563934
35238369 149092066 62042
35238293 149092163 6809804
35238213 149092261 7283916
35238129 149092362 7437632
35238043 149092469 7795068
35237957 149092580 8098796
35237871 149092694 8152504
35237785 149092808 8319184
35237700 149092922 8282144
35237614 149093036 8289552
35237529 149093151 8321036
35237444 149093264 8330296
35237359 149093378 8313628
35237274 149093491 830622
35237188 149093606 8335852
35237102 149093720 8365484
35237016 149093836 837104
35236932 149093953 8346964
35236849 149094070 8330296
35236766 149094187 8348816
35236684 149094304 8328444
35236602 149094422 8365484
35236520 149094539 840808
35236437 149094657 841734
35236355 149094776 8471048
35236273 149094896 8480308
35236192 149095013 8443268
35236112 149095130 8326592
35236031 149095246 830622
35235950 149095363 8334
35235870 149095480 837104
35235789 149095597 8335852
35235708 149095713 8348816
35235627 149095830 83803
35235545 149095945 8363632
35235463 149096061 8372892
35235381 149096177 8372892
35235300 149096294 8337704
35235218 149096412 840808
35235135 149096530 8446972
35235053 149096648 845438
35234970 149096767 8458084
35234887 149096885 849142
35234805 149097002 8471048
35234724 149097117 836178
35234645 149097231 8235844
35234566 149097345 8211768
35234486 149097459 8172876
35234407 149097574 81951
35234327 149097688 8211768
35234247 149097802 8189544
35234167 149097917 8228436
35234085 149098033 8271032
35234004 149098149 834326
35233922 149098266 8358076
35233840 149098384 836178
35233759 149098501 8395116
35233678 149098618 8358076
35233596 149098735 8356224
35233514 149098851 8358076
35233432 149098967 8367336
35233350 149099084 8356224
35233268 149099201 8363632
35233186 149099318 8382152
35233104 149099435 8395116
35233021 149099552 8382152
35232937 149099669 8437712
35232852 149099786 8493272
35232765 149099901 8545128
35232673 149100017 868588
35232577 149100132 8930344
35232478 149100244 9002572
35232377 149100352 8887748
35232275 149100457 8854412
35232170 149100559 8828484
35232064 149100656 8745144
35231956 149100749 867662
35231845 149100839 87044
35231732 149100927 8746996
35231617 149101012 8776628
35231501 149101093 8802556
35231383 149101171 8828484
35231263 149101246 8872932
35231142 149101317 8922936
35231019 149101385 901924
35230895 149101449 901924
35230769 149101510 905628
35230639 149101566 9150732
35230504 149101620 934334
35230367 149101672 9498908
35230227 149101719 966744
35230087 149101762 966744
35229948 149101799 9485944
35229807 149101832 9535948
35229665 149101861 9543356
35229522 149101886 961188
35229381 149101906 94452
35229239 149101921 9384084
35229096 149101931 9341488
35228952 149101937 94452
35228807 149101938 951928
35228662 149101934 9524836
35228514 149101925 9669292
35228366 149101910 9810044
35228217 149101890 9874864
35228067 149101865 999154
35227917 149101836 1002858
35227766 149101806 10098956
35227613 149101776 10134144
35227461 149101746 10160072
35227310 149101716 10132292
35227160 149101685 1006562
35227011 149101656 10034136
35226863 149101627 9961908
35226715 149101600 992672
35226567 149101572 9956352
35226418 149101543 998228
35226270 149101515 9924868
35226121 149101487 9971168
35225972 149101460 9998948
35225825 149101433 9952648
35225677 149101406 9882272
35225529 149101379 9930424
35225382 149101352 9932276
35225234 149101326 9863752
35225086 149101299 9887828
35224939 149101272 9873012
35224793 149101246 9876716
35224647 149101219 9850788
35224501 149101192 9867456
35224355 149101167 9869308
35224209 149101141 9887828
35224062 149101114 9863752
35223915 149101088 9874864
35223768 149101062 987116
35223622 149101036 982486
35223476 149101009 9774856
35223329 149100981 9821156
35223183 149100955 9802636
35223037 149100928 9761892
35222892 149100902 9752632
35222747 149100876 974152
35222600 149100849 9813748
35222454 149100823 983412
35222308 149100796 9860048
35222161 149100769 9865604
35222013 149100742 9943388
35221865 149100714 9976724
35221717 149100686 9930424
35221570 149100659 9919312
35221424 149100632 9847084
35221279 149100605 975078
35221135 149100577 9730408
35220991 149100550 9717444
35220847 149100523 9743372
35220701 149100497 977856
35220556 149100472 9773004
35220411 149100445 979708
35220267 149100418 9804488
35220123 149100390 9795228
35219978 149100362 9765596
35219833 149100335 978782
35219688 149100309 979708
35219545 149100284 9717444
35219402 149100258 9632252
35219259 149100232 9613732
35219114 149100204 971374
35218968 149100176 9765596
35218822 149100149 9826712
35218676 149100123 9813748
35218532 149100098 9726704
35218388 149100074 9661884
35218245 149100049 9628548
35218103 149100023 9613732
35217961 149099997 9595212
35217819 149099970 9597064
35217676 149099943 9634104
35217533 149099916 9641512
35217388 149099890 9765596
35217242 149099863 9884124
35217095 149099837 9941536
35216948 149099809 9891532
35216799 149099782 9939684
35216650 149099755 998228
35216500 149099728 10024876
35216350 149099701 10041544
35216200 149099673 10071176
35216050 149099645 10030432
35215900 149099617 10032284
35215751 149099590 100008
35215602 149099562 9997096
35215453 149099534 9985984
35215303 149099507 10006356
35215153 149099478 10052656
35215003 149099448 10106364
35214852 149099419 10150812
35214701 149099390 10152664
35214551 149099362 1016748
35214401 149099333 10117476
35214251 149099302 10184148
35214100 149099269 10202668
35213951 149099237 1015822
35213802 149099203 1012118
35213654 149099168 10108216
35213505 149099132 100934
35213357 149099095 10087844
35213210 149099056 1007488
35213062 149099017 10058212
35212916 149098977 9993392
35212769 149098936 996376
35212624 149098893 9985984
35212479 149098848 9989688
35212335 149098802 9939684
35212191 149098756 9930424
35212047 149098709 9930424
35211904 149098662 9910052
35211761 149098614 9900792
35211619 149098569 987116
35211476 149098525 9826712
35211333 149098482 9810044
35211190 149098439 9780412
35211047 149098398 9767448
35210904 149098358 977856
35210761 149098320 9784116
35210618 149098285 9724852
35210475 149098250 9711888
35210331 149098217 9737816
35210187 149098186 9745224
35210042 149098155 976004
35209897 149098127 9728556
35209751 149098099 9802636
35209603 149098072 9893384
35209456 149098046 991746
35209308 149098021 9902644
35209161 149097999 9876716
35209014 149097977 988968
35208868 149097956 9839676
35208722 149097938 9785968
35208577 149097922 9743372
35208432 149097908 9693368
35208287 149097895 9721148
35208142 149097882 9763744
35207997 149097871 9748928
35207853 149097861 9776708
35207711 149097853 9680404
35207571 149097847 950076
35207431 149097842 9415568
35207292 149097836 9372972
35207154 149097830 9317412
35207014 149097824 9304448
35206874 149097817 9376676
35206732 149097808 9443348
35206590 149097797 94915
35206449 149097782 9508168
35206310 149097767 93526
35206174 149097748 9159992
35206039 149097722 90748
35205907 149097688 9008128
35205778 149097643 8913676
35205651 149097588 8915528
35205528 149097524 906554
35205411 149097451 8754404
35205297 149097372 8754404
35205188 149097294 8643284
35205084 149097219 82877
35204991 149097151 7696912
35204908 149097090 6867216
35204837 149097036 6050484
35204776 149096990 529672
35204725 149096955 4483692
35204687 149096933 3585472
35204664 149096924 2418712
35204656 149096923 1279732
35204656 149096925 279652
35204659 149096944 357436
35204630 149096945 1281584
35204590 149096954 250946
35204549 149096978 2803928
35204511 149097027 3261372
35204484 149097101 4013284
35204468 149097194 4661484
35204455 149097297 5339316
35204443 149097403 55097
35204429 149097512 5865284
35204416 149097617 5739348
35204404 149097718 5498588
35204393 149097811 5220788
35204383 149097894 4728156
35204375 149097963 4098476
35204368 149098017 3433608
35204364 149098057 2609468
35204362 149098084 1844592
35204361 149098097 1151944
35204362 149098100 466704
35204363 149098100 144456
35204370 149098104 183348
35204366 149098139 1261212
35204358 149098194 2568724
35204348 149098263 3392864
35204336 149098345 411144
35204322 149098443 4922616
35204307 149098550 5668972
35204290 149098664 591714
35204272 149098788 647274
35204253 149098917 6913516
35204234 149099051 7041304
35204215 149099188 735244
35204195 149099328 7545048
35204175 149099469 762098
35204155 149099609 7641352
35204136 149099749 7624684
35204117 149099889 7600608
35204097 149100030 765802
35204078 149100171 7691356
35204058 149100314 7756176
35204037 149100462 8002492
35204016 149100611 816732
35203996 149100761 8198804
35203976 149100911 8228436
35203955 149101061 8248808
35203935 149101211 8254364
35203914 149101361 8280292
35203894 149101512 8330296
35203874 149101661 8289552
35203853 149101812 8304368
35203832 149101964 8339556
35203811 149102115 8363632
35203789 149102266 8363632
35203767 149102417 8348816
35203746 149102567 8374744
35203724 149102718 8367336
35203701 149102868 8348816
35203677 149103018 8334
35203650 149103167 8334
35203620 149103314 8271032
35203587 149103459 8189544
35203550 149103605 818584
35203510 149103749 8165468
35203467 149103891 8174728
35203418 149104032 8239548
35203367 149104171 8252512
35203312 149104308 8182136
35203254 149104444 825066
35203192 149104578 8322888
35203126 149104707 8304368
35203060 149104831 818584
35202995 149104948 781544
35202931 149105057 7539492
35202873 149105156 7033896
35202821 149105245 6330136
35202774 149105322 5720828
35202735 149105386 4913356
35202703 149105436 4029952
35202677 149105475 3302116
35202660 149105502 2529832
35202650 149105517 1663096
35202647 149105521 825992
35202647 149105519 288912
35202678 149105490 122232
35202658 149105515 1114904
35202627 149105554 2390932
35202586 149105604 3220628
35202535 149105662 3970688
35202472 149105727 4844832
35202401 149105794 5480068
35202320 149105861 5904176
35202229 149105925 6522744
35202132 149105983 6854252
35202030 149106036 700982
35201924 149106082 725058
35201818 149106119 714872
35201711 149106147 7098716
35201607 149106170 6943148
35201505 149106190 6728316
35201403 149106209 6641272
35201302 149106229 669498
35201202 149106249 665794
35201102 149106269 65746
35201002 149106289 663016
35200901 149106307 6711648
35200800 149106325 6706092
35200699 149106342 6770912
35200599 149106358 6728316
35200501 149106374 6594972
35200403 149106391 656534
35200306 149106407 6515336
35200211 149106425 6411624
35200117 149106444 62968
35200022 149106464 6298652
35199928 149106484 6319024
35199832 149106505 6387548
35199736 149106530 6470888
35199638 149106555 6493112
35199538 149106579 6606084
35199438 149106600 668572
35199339 149106620 6607936
35199240 149106639 6646828
35199143 149106657 6637568
35199048 149106673 6522744
35198958 149106687 6339396
35198876 149106696 5830096
35198803 149106703 5248568
35198742 149106711 4626296
35198693 149106719 3909572
35198658 149106726 2987276
35198638 149106732 1911264
35198629 149106735 1035268
35198627 149106736 448184
35198627 149106735 177792
35198650 149106735 088896
35198627 149106739 98156
35198589 149106746 2098316
35198542 149106755 2896528
35198486 149106766 3328044
35198423 149106780 392624
35198354 149106796 4335532
35198280 149106814 4635556
35198203 149106832 4874464
35198124 149106851 5178192
35198047 149106870 5126336
35197969 149106889 5104112
35197891 149106908 516708
35197813 149106927 5161524
35197733 149106942 5239308
35197654 149106952 528746
35197576 149106955 5165228
35197500 149106951 5087444
35197427 149106939 4955952
35197355 149106918 485224
35197284 149106887 4885576
35197214 149106846 5054108
35197148 149106799 510226
35197085 149106745 5044848
35197029 149106687 4985584
35196982 149106627 4633704
35196944 149106568 4239228
35196912 149106517 37966
35196890 149106476 304654
35196876 149106447 232426
35196870 149106431 1401964
35196869 149106425 596344
35196870 149106423 218536
35196871 149106421 112972
35196871 149106418 105564
35196867 149106407 327804
35196857 149106379 1144536
35196844 149106339 2096464
35196831 149106294 2589096
35196809 149106247 2707624
35196775 149106198 313914
35196733 149106142 3748448
35196684 149106077 447258
35196633 149106004 5011512
35196581 149105923 5265236
35196527 149105835 57412
35196474 149105744 589862
35196421 149105653 59264
35196369 149105565 5854172
35196320 149105480 5598596
35196273 149105399 5355984
35196229 149105322 519486
35196192 149105256 4785568
35196165 149105199 38429
35196143 149105143 335212
35196124 149105085 3363232
35196100 149105026 3474352
35196063 149104972 3670664
35196016 149104917 4128108
35195968 149104854 4628148
35195922 149104783 4820756
35195878 149104710 4911504
35195834 149104635 502818
35195790 149104561 494484
35195746 149104486 4996696
35195702 149104412 5081888
35195658 149104340 5007808
35195618 149104271 4742972
35195580 149104207 4465172
35195546 149104148 4054028
35195515 149104095 3783636
35195487 149104047 3387308
35195462 149104000 3153956
35195439 149103949 3042836
35195417 149103891 3309524
35195395 149103830 3570656
35195364 149103772 3709556
35195323 149103721 386142
35195279 149103670 4054028
35195238 149103614 4118848
35195197 149103554 4165148
35195156 149103491 4344792
35195112 149103426 4405908
35195067 149103359 4644816
35195026 149103293 4637408
35194991 149103233 4339236
35194962 149103185 3687332
35194942 149103151 284282
35194931 149103132 1737176
35194926 149103124 896368
35194925 149103123 355584
35194926 149103125 087044
35194927 149103128 066672
35194928 149103132 057412
35194929 149103143 262984
35194917 149103123 1114904
35194901 149103098 163902
35194883 149103069 1757548
35194860 149103039 2085352
35194830 149103015 2285368
35194792 149103006 2431676
35194749 149103017 2778
35194705 149103046 3053948
35194658 149103088 3520652
35194605 149103136 4059584
35194547 149103188 4520732
35194489 149103242 4757788
35194431 149103295 4665188
35194373 149103349 4617036
35194312 149103404 4665188
35194247 149103463 5015216
35194179 149103524 5331908
35194108 149103588 559304
35194037 149103651 5837504
35193970 149103712 5541184
35193908 149103767 5217084
35193850 149103818 477816
35193794 149103868 4539252
35193739 149103921 445406
35193691 149103980 4448504
35193651 149104050 4507768
35193614 149104133 4822608
35193577 149104223 5409692
35193538 149104315 5548592
35193498 149104409 5765276
35193458 149104502 5809724
35193421 149104591 5643044
35193386 149104677 5394876
35193351 149104763 5235604
35193315 149104848 5357836
35193281 149104931 5298572
35193247 149105008 500966
35193215 149105082 4641112
35193183 149105157 4591108
35193153 149105233 4705932
35193128 149105305 456518
35193105 149105368 4105884
35193085 149105416 3550284
35193072 149105446 251872
35193065 149105460 1311216
35193061 149105467 831548
35193060 149105467 34262
35193052 149105457 424108
35193061 149105479 1301956
35193088 149105498 1661244
35193123 149105515 2216844
35193160 149105534 2429824
35193195 149105557 2457604
35193227 149105588 2459456
35193259 149105625 2600208
35193291 149105669 2883564
35193320 149105715 306506
35193348 149105761 301876
35193373 149105802 2892824
35193394 149105836 2476124
35193415 149105862 19909
35193436 149105875 1772364
35193450 149105878 133344
35193458 149105877 600048
35193467 149105872 450036
35193479 149105862 809324
35193490 149105845 1057492
35193499 149105826 1168612
35193509 149105807 1053788
35193522 149105792 1201948
35193535 149105783 1159352
35193546 149105783 901924
35193555 149105788 705612
35193560 149105792 570416
35193562 149105795 31484
35193564 149105796 146308
35193567 149105796 061116
35193567 149105796 050004
35193587 149105815 057412
35193593 149105814 051856
35193593 149105816 057412
35193592 149105823 053708
35193593 149105824 051856
35193575 149105797 150012
35193572 149105793 294468
35193569 149105790 288912
35193568 149105789 192608
35193566 149105785 133344
35193565 149105775 37966
35193565 149105766 603752
35193564 149105763 270392
35193562 149105765 057412
35193556 149105776 427812
35193542 149105790 1033416
35193527 149105804 1322328
35193517 149105814 1061196
35193511 149105819 548192
35193507 149105822 300024
35193503 149105825 218536
35193496 149105830 337064
35193489 149105835 466704
35193483 149105839 411144
35193480 149105842 218536
35193477 149105844 057412
35193472 149105850 061116
35193471 149105850 066672
35193471 149105844 068524
35193469 149105846 1389
35193466 149105847 140752
35193466 149105849 116676
35193464 149105854 057412
35193458 149105857 12038
35193448 149105872 483372
35193443 149105907 1459376
35193454 149105955 241686
35193479 149106011 307432
35193513 149106075 3711408
35193552 149106144 4311456
35193593 149106217 4561476
35193635 149106291 4668892
35193680 149106366 4802236
35193727 149106441 4883724
35193774 149106515 4902244
35193820 149106588 4846684
35193867 149106662 4820756
35193915 149106737 5013364
35193964 149106814 517634
35194013 149106893 5276348
35194062 149106974 5331908
35194111 149107056 5381912
35194158 149107136 5374504
35194206 149107216 5294868
35194253 149107295 5248568
35194298 149107372 5109668
35194340 149107447 4937432
35194379 149107516 4746676
35194413 149107579 4326272
35194444 149107638 387068
35194474 149107693 3755856
35194506 149107739 3566952
35194546 149107774 3320636
35194595 149107797 3392864
35194650 149107807 3770672
35194708 149107808 3924388
35194765 149107805 3922536
35194821 149107802 377808
35194875 149107799 3692888
35194930 149107798 3689184
35194985 149107798 37966
35195037 149107799 3642884
35195084 149107796 3411384
35195131 149107783 315766
35195178 149107758 3276188
35195224 149107721 3498428
35195272 149107678 3792896
35195320 149107633 3909572
35195368 149107588 3937352
35195417 149107543 3968836
35195464 149107498 3948464
35195510 149107455 3809564
35195555 149107413 3670664
35195599 149107375 3520652
35195641 149107339 3381752
35195677 149107311 3150252
35195707 149107290 2440936
35195735 149107274 2042756
35195768 149107259 2177952
35195804 149107238 2476124
35195841 149107204 2887268
35195876 149107160 3309524
35195913 149107114 3487316
35195952 149107070 3522504
35195995 149107026 3581768
35196042 149106981 3774376
35196090 149106937 3952168
35196138 149106894 3955872
35196187 149106849 3989208
35196237 149106804 404662
35196288 149106759 418552
35196339 149106716 412996
35196390 149106675 4070696
35196444 149106636 4094772
35196497 149106596 4168852
35196548 149106557 41207
35196592 149106521 385216
35196628 149106492 3200256
35196657 149106470 257428
35196680 149106452 2016828
35196704 149106438 1776068
35196733 149106427 201868
35196766 149106426 218536
35196797 149106435 232426
35196823 149106452 2072388
35196844 149106477 1811256
35196867 149106510 198164
35196896 149106551 2522424
35196929 149106597 3039132
35196958 149106636 3246556
35196994 149106682 3253964
35197031 149106726 3100248
35197074 149106772 3376196
35197127 149106814 3900312
35197183 149106850 424108
35197240 149106885 4181816
35197298 149106916 4242932
35197354 149106942 4081808
35197411 149106964 3913276
35197470 149106982 394476
35197533 149106996 4098476
35197599 149107005 4350348
35197667 149107007 4442948
35197734 149107002 4418872
35197800 149106992 450036
35197863 149106981 440776
35197923 149106970 4181816
35197980 149106959 3909572
35198039 149106947 3883644
35198101 149106935 4113292
35198164 149106923 4257748
35198224 149106911 4172556
35198280 149106901 3865124
35198335 149106892 372252
35198395 149106883 3746596
35198467 149106871 4476284
35198546 149106857 5230048
35198629 149106841 5465252
35198716 149106824 5793056
35198806 149106804 5939364
35198897 149106783 6061596
35198988 149106761 6094932
35199078 149106740 6133824
35199167 149106719 6044928
35199252 149106698 5850468
35199331 149106678 5628228
35199404 149106659 5191156
35199470 149106643 4715192
35199531 149106627 4298492
35199586 149106614 4041064
35199635 149106602 3541024
35199679 149106591 3133584
35199721 149106582 2950236
35199765 149106573 2865044
35199812 149106564 313914
35199861 149106556 3289152
35199914 149106546 3424348
35199971 149106535 3746596
35200030 149106524 3915128
35200090 149106514 3896608
35200154 149106503 4094772
35200224 149106490 4385536
35200301 149106476 4841128
35200389 149106459 5457844
35200484 149106439 62042
35200585 149106417 6507928
35200690 149106395 6913516
35200796 149106373 6957964
35200901 149106350 7085752
35201005 149106328 7052416
35201109 149106308 68987
35201215 149106290 7032044
35201323 149106275 72228
35201432 149106257 7300584
35201540 149106237 7372812
35201648 149106215 7298732
35201755 149106191 724132
35201862 149106167 7217244
35201965 149106140 7154276
35202060 149106107 6763504
35202146 149106069 6180124
35202227 149106030 58801
35202306 149105990 5668972
35202380 149105949 5522664
35202446 149105906 5211528
35202499 149105867 450962
35202540 149105834 36577
35202567 149105809 280578
35202581 149105796 177792
35202585 149105791 716724
35202582 149105793 174088
35202556 149105803 1852
35202578 149105782 1192688
35202612 149105747 2344632
35202657 149105699 3535468
35202707 149105640 4179964
35202762 149105568 492632
35202821 149105484 5578224
35202882 149105391 6220868
35202944 149105291 6428292
35203009 149105183 681536
35203075 149105070 7198724
35203140 149104956 7282064
35203206 149104837 7448744
35203270 149104714 7632092
35203333 149104585 7837664
35203395 149104452 8061756
35203453 149104315 8226584
35203509 149104174 8289552
35203560 149104030 8363632
35203606 149103886 8293256
35203649 149103741 8245104
35203685 149103594 8196952
35203719 149103445 8226584
35203750 149103295 8291404
35203778 149103144 8293256
35203805 149102990 841734
35203830 149102836 8489568
35203852 149102681 8561796
35203874 149102525 8545128
35203895 149102370 8554388
35203916 149102213 8632172
35203937 149102057 8652544
35203957 149101903 8598836
35203979 149101748 8521052
35204000 149101591 8608096
35204022 149101435 8637728
35204045 149101277 8659952
35204067 149101119 869514
35204089 149100959 8719216
35204112 149100799 8822928
35204135 149100638 8847004
35204158 149100480 8784036
35204181 149100322 8754404
35204203 149100166 863958
35204226 149100011 8624764
35204248 149099856 8541424
35204270 149099701 85655
35204293 149099546 8596984
35204317 149099394 857476
35204341 149099248 8391412
35204364 149099109 8004344
35204387 149098978 7609868
35204407 149098855 7035748
35204427 149098738 6756096
35204451 149098629 633384
35204484 149098528 6096784
35204530 149098437 5856024
35204589 149098358 5928252
35204662 149098291 6100488
35204748 149098239 6322728
35204847 149098201 6696832
35204954 149098176 7096864
35205069 149098156 7439484
35205192 149098137 788952
35205319 149098118 8322888
35205448 149098098 8554388
35205582 149098078 8706252
35205719 149098058 8993312
35205858 149098038 920444
35205998 149098021 9285928
35206139 149098011 9300744
35206282 149098008 9313708
35206428 149098012 9411864
35206576 149098019 9604472
35206728 149098027 9765596
35206881 149098034 9921164
35207035 149098040 10011912
35207189 149098047 10043396
35207342 149098055 1006562
35207493 149098065 9956352
35207642 149098076 9837824
35207791 149098089 983412
35207942 149098102 9923016
35208093 149098116 9978576
35208245 149098131 10008208
35208397 149098148 10080436
35208549 149098165 10128588
35208701 149098182 10106364
35208854 149098199 10141552
35209008 149098217 102323
35209162 149098238 10286008
35209315 149098260 10221188
35209467 149098286 10187852
35209619 149098315 10219336
35209771 149098345 10234152
35209922 149098377 10215632
35210074 149098410 10234152
35210224 149098445 10248968
35210374 149098483 10210076
35210524 149098522 10219336
35210673 149098562 10210076
35210823 149098604 10211928
35210971 149098647 10197112
35211120 149098691 10165628
35211267 149098736 1014896
35211415 149098782 1014896
35211562 149098829 1014896
35211708 149098877 10104512
35211853 149098925 10123032
35211999 149098973 10106364
35212145 149099020 10100808
35212292 149099067 10132292
35212439 149099114 10184148
35212588 149099160 10202668
35212736 149099206 1024156
35212885 149099251 1024156
35213035 149099295 10252672
35213184 149099337 10252672
35213334 149099378 1021378
35213483 149099418 1019526
35213632 149099457 10169332
35213781 149099494 10150812
35213930 149099530 10134144
35214079 149099565 10082288
35214228 149099598 10069324
35214377 149099629 100471
35214525 149099659 9997096
35214673 149099688 9998948
35214820 149099717 9937832
35214968 149099744 9932276
35215115 149099771 9915608
35215262 149099799 988968
35215408 149099829 9882272
35215553 149099863 9906348
35215698 149099896 987116
35215843 149099926 9828564
35215990 149099953 9847084
35216139 149099981 9928572
35216288 149100009 9997096
35216440 149100036 10110068
35216593 149100063 10193408
35216746 149100090 10239708
35216898 149100117 10267488
35217050 149100145 1022304
35217200 149100172 10150812
35217350 149100198 10071176
35217499 149100226 10098956
35217648 149100253 10073028
35217797 149100280 10060064
35217944 149100307 9974872
35218090 149100333 9910052
35218236 149100359 989894
35218382 149100385 98619
35218527 149100412 9847084
35218673 149100438 9780412
35218819 149100465 9813748
35218968 149100492 9928572
35219117 149100519 10002652
35219267 149100547 10067472
35219418 149100575 10115624
35219568 149100603 10132292
35219718 149100630 10097104
35219867 149100656 10052656
35220015 149100684 1001006
35220162 149100711 9960056
35220309 149100737 99082
35220455 149100765 9858196
35220600 149100792 9789672
35220743 149100819 9721148
35220886 149100845 9656328
35221029 149100871 9645216
35221171 149100897 9647068
35221314 149100923 963966
35221456 149100949 9626696
35221599 149100975 9619288
35221743 149101002 9715592
35221888 149101028 97693
35222032 149101054 9758188
35222176 149101080 9747076
35222319 149101106 9671144
35222462 149101132 9622992
35222605 149101159 9660032
35222751 149101186 9710036
35222897 149101212 9784116
35223043 149101239 9845232
35223190 149101265 9850788
35223335 149101292 9804488
35223480 149101319 9745224
35223626 149101345 9784116
35223772 149101372 984338
35223918 149101398 987116
35224063 149101423 9821156
35224207 149101449 9765596
35224351 149101475 9698924
35224495 149101502 9715592
35224638 149101529 973226
35224782 149101556 9715592
35224925 149101582 971374
35225067 149101608 9572988
35225208 149101634 9504464
35225348 149101659 9424828
35225490 149101686 945446
35225632 149101713 956558
35225774 149101738 9580396
35225914 149101764 9460016
35226051 149101789 9289632
35226187 149101815 91674
35226320 149101839 9091468
35226451 149101864 895442
35226579 149101887 8735884
35226704 149101911 8511792
35226830 149101934 855624
35226953 149101957 8456232
35227073 149101979 8276588
35227194 149102001 8152504
35227316 149102023 827844
35227440 149102045 8415488
35227565 149102068 845438
35227688 149102091 843586
35227810 149102113 8317332
35227932 149102135 8334
35228051 149102157 8206212
35228168 149102180 804694
35228284 149102204 7941376
35228399 149102232 7939524
35228513 149102268 7845072
35228626 149102316 793582
35228737 149102378 8117316
35228846 149102449 8156208
35228952 149102525 8163616
35229056 149102603 8109908
35229158 149102681 795434
35229259 149102757 7896928
35229360 149102830 7717284
35229460 149102900 7724692
35229557 149102968 7541344
35229651 149103028 7276508
35229744 149103081 701908
35229835 149103124 6702388
35229924 149103158 6348656
35230008 149103184 6035668
35230085 149103201 5570816
35230160 149103212 524116
35230241 149103219 5354132
35230328 149103221 575046
35230414 149103214 600048
35230497 149103200 57412
35230573 149103181 54171
35230643 149103158 4989288
35230711 149103130 463
35230783 149103097 4854092
35230859 149103055 5317092
35230940 149103005 5841208
35231021 149102947 6211608
35231100 149102880 6322728
35231175 149102808 635236
35231247 149102729 6291244
35231316 149102641 6419032
35231382 149102545 6700536
35231448 149102445 6761652
35231515 149102340 7089456
35231583 149102234 725984
35231652 149102129 7219096
35231722 149102024 7332068
35231792 149101918 732466
35231864 149101809 7433928
35231934 149101695 764876
35232006 149101579 78247
35232081 149101460 7969156
35232158 149101344 8063608
35232238 149101228 8182136
35232318 149101112 8243252
35232398 149100996 821362
35232478 149100881 8226584
35232558 149100766 8230288
35232638 149100650 8221028
35232717 149100534 818584
35232796 149100419 8206212
35232875 149100305 8183988
35232954 149100191 8124724
35233032 149100077 8091388
35233111 149099963 8104352
35233190 149099848 81025
35233272 149099732 8221028
35233354 149099613 8376596
35233438 149099494 852846
35233521 149099374 850994
35233604 149099254 85192
35233686 149099136 8521052
35233768 149099019 8415488
35233849 149098904 8283996
35233931 149098788 8345112
35234012 149098673 8346964
35234092 149098558 8246956
35234171 149098443 8202508
35234249 149098328 8128428
35234328 149098213 8159912
35234408 149098097 8198804
35234490 149097980 8335852
35234574 149097862 8476604
35234659 149097744 8548832
35234743 149097627 8530312
35234826 149097510 8458084
35234907 149097394 8456232
35234988 149097280 8317332
35235067 149097167 8187692
35235148 149097053 8224732
35235229 149096938 8302516
35235311 149096822 8334
35235393 149096706 832474
35235474 149096588 8365484
35235557 149096471 8406228
35235639 149096353 844512
35235722 149096235 8485864
35235805 149096118 8484012
35235887 149096000 8478456
35235970 149095883 841734
35236053 149095765 8428452
35236136 149095646 8450676
35236218 149095528 844512
35236300 149095409 841734
35236382 149095293 8387708
35236464 149095177 8337704
35236546 149095061 8348816
35236629 149094944 8358076
35236712 149094826 8422896
35236794 149094710 8409932
35236877 149094594 834326
35236958 149094478 8291404
35237039 149094362 829696
35237120 149094247 8261772
35237201 149094133 8226584
35237283 149094018 8256216
35237366 149093903 8322888
35237450 149093788 8376596
35237535 149093674 8400672
35237621 149093561 8400672
35237706 149093447 8411784
35237792 149093334 839882
35237877 149093222 837104
35237961 149093111 827844
35238046 149093000 8245104
35238131 149092888 8293256
35238217 149092776 835252
35238302 149092662 8421044
35238388 149092548 841734
35238474 149092434 8439564
35238560 149092320 843586
35238644 149092207 8365484
35238729 149092096 826918
35238813 149091985 8239548
35238896 149091874 8239548
35238980 149091764 8261772
35239063 149091652 8258068
35239146 149091540 8237696
35239229 149091429 8206212
35239312 149091317 8233992
35239396 149091205 8285848
35239480 149091094 8265476
35239563 149090984 81951
35239647 149090875 815806
35239730 149090767 8122872
35239814 149090658 812102
35239897 149090547 8180284
35239982 149090436 825992
35240069 149090325 8350668
35240159 149090214 843586
35240249 149090103 852846
35240339 149089989 8582168
35240428 149089875 8608096
35240518 149089761 8626616
35240609 149089647 8615504
35240701 149089534 86581
35240794 149089423 867662
35240889 149089313 8684028
35240984 149089205 8708104
35241082 149089099 8715512
35241182 149088994 8761812
35241283 149088890 8804408
35241385 149088787 8798852
35241489 149088685 8822928
35241594 149088585 8811816
35241700 149088487 8817372
35241807 149088392 8798852
35241916 149088298 8802556
35242025 149088205 8763664
35242134 149088113 8772924
35242243 149088021 8784036
35242352 149087929 878774
35242461 149087839 8771072
35242571 149087752 8746996
35242681 149087667 8728476
35242791 149087585 8663656
35242900 149087505 8559944
35243011 149087426 8567352
35243122 149087349 8596984
35243236 149087276 8561796
35243353 149087206 8595132
35243473 149087142 8678472
35243595 149087081 8754404
35243717 149087025 8761812
35243843 149086976 8793296
35243971 149086936 8874784
35244103 149086904 8915528
35244238 149086882 9043316
35244374 149086869 9022944
35244511 149086863 9034056
35244649 149086861 9087764
35244787 149086861 9063688
35244926 149086863 9119248
35245066 149086865 9219256
35245207 149086867 928778
35245349 149086869 93063
35245493 149086872 9413716
35245637 149086873 9480388
35245782 149086875 9567432
35245929 149086877 9650772
35246077 149086879 9717444
35246225 149086880 9784116
35246374 149086880 9860048
35246524 149086880 989894
35246674 149086880 9943388
35246825 149086880 9985984
35246976 149086880 10039692
35247127 149086881 10050804
35247279 149086881 10069324
35247430 149086882 1006562
35247580 149086882 10050804
35247730 149086882 10011912
35247879 149086883 9928572
35248027 149086883 9819304
35248174 149086881 9791524
35248321 149086881 978782
35248468 149086882 9765596
35248614 149086881 9758188
35248760 149086880 974152
35248906 149086880 9721148
35249051 149086880 9723
35249197 149086881 9724852
35249343 149086882 9761892
35249490 149086882 9784116
35249636 149086879 977856
35249782 149086875 97693
35249928 149086868 9773004
35250074 149086856 9811896
35250222 149086841 988968
35250371 149086823 9967464
35250520 149086801 10039692
35250671 149086775 10119328
35250823 149086746 10198964
35250976 149086712 1025082
35251129 149086674 10298972
35251282 149086633 10289712
35251434 149086588 103249
35251587 149086538 10369348
35251739 149086485 10439724
35251889 149086428 10452688
35252036 149086367 10419352
35252181 149086301 10439724
35252324 149086233 10393424
35252466 149086163 10358236
35252607 149086090 10339716
35252747 149086012 10332308
35252885 149085929 10239708
35253021 149085840 1024156
35253158 149085750 10236004
35253293 149085658 10193408
35253426 149085567 10143404
35253558 149085473 101397
35253689 149085378 10132292
35253817 149085280 10169332
35253944 149085179 10134144
35254068 149085074 10082288
35254191 149084967 10085992
35254314 149084857 1014896
35254436 149084744 1020452
35254556 149084625 10186
35254674 149084504 10211928
35254790 149084381 1020452
35254903 149084249 10174888
35255013 149084120 10123032
35255122 149083990 10030432
35255228 149083862 9984132
35255331 149083731 9932276
35255433 149083600 9911904
35255533 149083467 9839676
35255631 149083334 9782264
35255728 149083200 9730408
35255826 149083067 9754484
35255924 149082933 976004
35256022 149082799 9785968
35256120 149082665 9854492
35256216 149082535 971374
35256311 149082406 9541504
35256405 149082277 9443348
35256500 149082147 9489648
35256595 149082017 9484092
35256690 149081886 9406308
35256787 149081754 9493352
35256886 149081619 9702628
35256986 149081482 9860048
35257086 149081345 993598
35257184 149081209 9869308
35257281 149081075 9776708
35257379 149080942 9711888
35257479 149080805 9697072
35257578 149080670 9717444
35257678 149080537 968596
35257776 149080402 976004
35257875 149080268 9841528
35257974 149080134 9800784
35258074 149080000 982486
35258175 149079867 9911904
35258275 149079733 9876716
35258373 149079600 9773004
35258467 149079466 9708184
35258556 149079329 9617436
35258639 149079188 9563728
35258715 149079044 948224
35258785 149078897 9384084
35258848 149078746 9367416
35258904 149078591 9295188
35258954 149078434 9261852
35259000 149078273 9332228
35259044 149078111 9337784
35259086 149077948 93063
35259126 149077783 9360008
35259167 149077617 9415568
35259207 149077453 9460016
35259249 149077292 934334
35259293 149077136 914888
35259341 149076985 8941456
35259393 149076839 875996
35259452 149076699 862106
35259517 149076565 850994
35259589 149076437 8411784
35259665 149076313 8459936
35259745 149076195 8317332
35259830 149076084 82414
35259920 149075980 8233992
35260014 149075883 8235844
35260113 149075792 8198804
35260216 149075709 8209916
35260323 149075633 8183988
35260434 149075567 817658
35260546 149075507 8169172
35260659 149075457 8119168
35260771 149075417 7863592
35260881 149075385 750986
35260988 149075360 735244
35261090 149075341 7032044
35261186 149075327 6635716
35261273 149075311 6200496
35261350 149075294 5589336
35261415 149075276 4876316
35261468 149075260 4155888
35261510 149075250 3320636
35261540 149075250 25928
35261556 149075255 1585312
35261563 149075262 68524
35261574 149075270 605604
35261593 149075285 1144536
35261620 149075306 1937192
35261651 149075326 2363152
35261687 149075330 2433528
35261724 149075311 2761332
35261744 149075270 284282
35261745 149075212 2915048
35261727 149075144 3344712
35261705 149075072 3948464
35261679 149074994 4163296
35261652 149074917 4424428
35261627 149074846 4372572
35261606 149074783 3904016
35261595 149074727 3285448
35261598 149074673 2911344
35261619 149074620 2992832
35261662 149074572 3446572
35261722 149074528 417626
35261794 149074485 5052256
35261874 149074442 545414
35261962 149074398 6070856
35262056 149074356 65283
35262156 149074320 665794
35262263 149074288 7050564
35262374 149074262 7239468
35262487 149074239 7400592
35262601 149074216 7409852
35262717 149074190 7604312
35262834 149074163 7719136
35262953 149074135 7791364
35263068 149074103 7802476
35263182 149074066 7754324
35263294 149074026 7709876
35263406 149073981 7687652
35263515 149073932 7700616
35263622 149073879 7708024
35263727 149073823 7674688
35263830 149073764 7609868
35263931 149073699 7580236
35264028 149073629 748208
35264123 149073555 7378368
35264218 149073479 7517268
35264312 149073403 746356
35264404 149073327 7300584
35264496 149073248 7341328
35264589 149073166 7489488
35264679 149073079 7633944
35264767 149072991 7541344
35264852 149072902 7437632
35264929 149072816 7235764
35264994 149072741 6350508
35265052 149072671 5385616
35265112 149072593 5374504
35265174 149072513 5739348
35265240 149072430 6119008
35265307 149072342 6378288
35265375 149072249 6646828
35265445 149072149 6995004
35265516 149072042 7346884
35265588 149071927 7670984
35265661 149071807 7995084
35265732 149071683 8200656
35265801 149071559 8245104
35265870 149071434 8248808
35265937 149071309 8193248
35266003 149071185 8054348
35266067 149071062 8067312
35266127 149070940 7859888
35266186 149070816 7795068
35266245 149070692 7832108
35266302 149070567 7808032
35266359 149070441 7809884
35266414 149070314 7808032
35266468 149070186 7813588
35266520 149070059 7758028
35266570 149069935 7554308
35266619 149069813 7400592
35266666 149069691 7393184
35266711 149069573 7257988
35266753 149069461 696352
35266794 149069351 664868
35266834 149069238 6717204
35266874 149069124 6882032
35266913 149069009 6891292
35266951 149068892 6933888
35266988 149068772 7024636
35267026 149068650 7137608
35267063 149068527 7189464
35267100 149068401 7191316
35267138 149068274 7283916
35267175 149068144 7400592
35267211 149068012 7530232
35267245 149067878 7600608
35267277 149067743 7689504
35267306 149067604 7715432
35267334 149067463 7800624
35267358 149067320 7904336
35267379 149067177 7848776
35267398 149067037 7770992
35267413 149066898 7633944
35267426 149066759 7587644
35267435 149066622 7576532
35267442 149066489 7345032
35267447 149066359 7082048
35267449 149066228 7061676
35267450 149066096 720428
35267447 149065964 7145016
35267443 149065830 724132
35267435 149065696 7248728
35267426 149065562 7156128
35267415 149065425 7261692
35267401 149065286 7408
35267384 149065146 7572828
35267364 149065006 7682096
35267340 149064864 7763584
35267312 149064720 7876556
35267281 149064573 8122872
35267248 149064427 8272884
35267212 149064281 8211768
35267173 149064134 8350668
35267131 149063987 8456232
35267089 149063843 8374744
35267046 149063701 8283996
35267003 149063557 8245104
35266959 149063412 8406228
35266915 149063265 8458084
35266870 149063118 850994
35266826 149062971 8495124
