35268560 149052678 072228
35268576 149052679 051856
35268574 149052679 162976
35268568 149052674 431516
35268563 149052670 394476
35268557 149052666 3704
35268551 149052662 403736
35268546 149052659 383364
35268542 149052657 251872
35268537 149052655 248168
35268532 149052655 283356
35268525 149052655 311136
35268519 149052656 4167
35268514 149052659 450036
35268515 149052656 225944
35268523 149052643 385216
35268536 149052615 1229728
35268553 149052573 200942
35268573 149052523 2727996
35268595 149052466 3044688
35268619 149052406 343546
35268640 149052343 3570656
35268659 149052281 3561396
35268670 149052216 3476204
35268673 149052146 3541024
35268667 149052070 3829936
35268653 149051987 431516
35268633 149051902 4654076
35268610 149051814 4755936
35268587 149051725 5011512
35268564 149051635 5096704
35268542 149051546 508374
35268520 149051462 5004104
35268500 149051386 4579996
35268480 149051319 4113292
35268455 149051259 369474
35268424 149051206 358362
35268383 149051161 3624364
35268336 149051126 3700296
35268282 149051105 3737336
35268225 149051097 377808
35268167 149051098 387068
35268112 149051102 376882
35268067 149051106 3376196
35268034 149051108 2615024
35268014 149051108 1792736
35268005 149051108 864884
35268003 149051110 255576
35268002 149051113 077784
35267997 149051113 116676
35267989 149051106 337064
35267977 149051087 940816
35267969 149051052 1516788
35267968 149051002 2311296
35267973 149050944 2742812
35267983 149050877 3220628
35267998 149050802 383364
35268016 149050727 4104032
35268037 149050655 4096624
35268059 149050594 3855864
35268078 149050547 3081728
35268090 149050509 2335372
35268088 149050472 2024236
35268070 149050440 2063128
35268040 149050414 232426
35268003 149050391 266688
35267961 149050372 2918752
35267915 149050357 3081728
35267864 149050349 327804
35267811 149050352 3455832
35267754 149050368 3646588
35267699 149050395 3868828
35267647 149050433 3857716
35267601 149050482 382438
35267561 149050543 401884
35267529 149050613 4109588
35267503 149050688 4248488
35267482 149050764 431516
35267464 149050841 4337384
35267450 149050921 434294
35267441 149051001 4346644
35267436 149051085 4372572
35267435 149051173 4600368
35267439 149051264 4855944
35267446 149051354 4933728
35267455 149051445 4881872
35267464 149051534 4859648
35267475 149051619 4757788
35267488 149051697 44448
35267505 149051765 4033656
35267528 149051826 3579916
35267562 149051882 362992
35267606 149051931 3918832
35267659 149051969 3976244
35267718 149051993 4085512
35267781 149052002 400032
35267845 149051996 4115144
35267907 149051982 4167
35267959 149051966 3766968
35267998 149051953 2976164
35268024 149051944 2146468
35268038 149051937 1150092
35268050 149051931 698204
35268067 149051915 998228
35268082 149051879 17131
35268084 149051827 2381672
35268075 149051762 29169
35268060 149051686 3781784
35268042 149051603 4359608
35268024 149051514 4600368
35268007 149051425 485224
35267992 149051342 463926
35267981 149051267 4181816
35267976 149051204 3665108
35267981 149051156 2920604
35267997 149051122 2294628
35268028 149051106 2094612
35268071 149051105 252798
35268125 149051107 3192848
35268183 149051110 3744744
35268243 149051116 3841048
35268302 149051133 3850308
35268358 149051164 3894756
35268406 149051210 3892904
35268446 149051269 3933648
35268475 149051339 3987356
35268497 149051418 4152184
35268517 149051505 4515176
35268537 149051596 4830016
35268558 149051688 4974472
35268580 149051780 4913356
35268601 149051871 4996696
35268622 149051959 493558
35268639 149052043 4761492
35268651 149052123 450036
35268655 149052200 4237376
35268651 149052275 4154036
35268636 149052346 4085512
35268614 149052411 395402
35268590 149052468 3739188
35268567 149052517 3365084
35268546 149052559 2876156
35268528 149052594 2474272
35268515 149052622 1998308
35268509 149052641 1585312
35268508 149052652 905628
35268508 149052659 513004
35268511 149052669 494484
35268519 149052676 672276
35268530 149052682 779692
35268539 149052685 764876
35268543 149052684 442628
35268529 149052662 179644
35268524 149052658 43522
35268519 149052655 477816
35268514 149052652 464852
35268510 149052651 359288
35268506 149052650 340768
35268502 149052651 312988
35268497 149052654 394476
35268493 149052659 487076
35268493 149052660 337064
35268507 149052628 922296
35268521 149052597 1559384
35268538 149052557 209276
35268558 149052511 2579836
35268580 149052460 2846524
35268603 149052404 3241
35268625 149052346 3392864
35268644 149052282 3572508
35268658 149052214 3702148
35268662 149052140 3800304
35268657 149052061 3978096
35268643 149051979 4313308
35268624 149051893 4559624
35268602 149051804 473186
35268580 149051715 5024476
35268557 149051626 4941136
35268535 149051539 4955952
35268514 149051454 493558
35268494 149051376 468556
35268471 149051304 4263304
35268442 149051240 4078104
35268405 149051185 39355
35268360 149051142 3885496
35268306 149051113 3865124
35268245 149051099 4035508
35268184 149051096 415774
35268128 149051100 3892904
35268078 149051104 3539172
35268037 149051106 3053948
35268009 149051106 2337224
35267988 149051101 1448264
35267970 149051083 1381592
35267959 149051046 1840888
35267959 149050991 2561316
35267967 149050922 3283596
35267980 149050843 3968836
35268000 149050757 4511472
35268027 149050667 4767048
35268061 149050575 5168932
35268100 149050485 5335612
35268144 149050401 5248568
35268195 149050314 5076332
35268241 149050248 470408
35268282 149050193 4294788
35268316 149050151 3650292
35268343 149050122 2790964
35268371 149050106 2070536
35268406 149050108 2079796
35268448 149050134 2603912
35268495 149050176 3307672
35268550 149050229 4033656
35268611 149050288 475038
35268677 149050351 5105964
35268745 149050418 5378208
35268815 149050487 566712
35268883 149050559 568564
35268946 149050633 563934
35269001 149050705 5391172
35269048 149050773 4950396
35269086 149050831 4309604
35269115 149050878 3572508
35269135 149050911 2659472
35269148 149050931 1755696
35269157 149050944 1035268
35269170 149050955 89822
35269194 149050962 1414928
35269226 149050957 2002012
35269265 149050942 2411304
35269313 149050924 2978016
35269373 149050908 371326
35269443 149050896 4400352
35269519 149050885 4957804
35269598 149050874 5042996
35269681 149050862 5404136
35269764 149050847 5591188
35269846 149050827 5443028
35269926 149050801 5431916
35270003 149050767 5381912
35270077 149050729 5330056
35270148 149050687 5202268
35270214 149050645 5015216
35270275 149050605 4672596
35270329 149050568 4309604
35270376 149050538 3770672
35270413 149050514 3168772
35270439 149050501 24076
35270451 149050498 1288992
35270458 149050499 650052
35270460 149050500 381512
35270461 149050501 159272
35270462 149050508 079636
35270479 149050511 753764
35270505 149050526 1587164
35270535 149050558 2422416
35270567 149050602 2809484
35270604 149050658 349102
35270649 149050723 4163296
35270701 149050793 4872612
35270758 149050865 515782
35270822 149050938 5478216
35270894 149051012 5939364
35270972 149051083 6285688
35271055 149051149 6372732
35271143 149051210 6591268
35271233 149051264 6646828
35271325 149051311 6609788
35271418 149051353 656534
35271513 149051393 6541264
35271608 149051433 654682
35271704 149051474 6541264
35271801 149051516 6641272
35271900 149051556 6772764
35271999 149051597 6826472
35272095 149051640 6735724
35272188 149051687 6672756
35272276 149051740 6622752
35272359 149051797 6446812
35272434 149051854 6144936
35272503 149051910 5659712
35272568 149051962 534302
35272630 149052009 5050404
35272686 149052048 45837
35272732 149052081 4016988
35272767 149052109 3283596
35272791 149052133 2376116
35272810 149052159 1939044
35272827 149052192 2031644
35272848 149052233 243538
35272878 149052277 2970608
35272920 149052323 3498428
35272969 149052374 408366
35273025 149052430 4607776
35273083 149052488 498188
35273144 149052549 5050404
35273211 149052615 5457844
35273281 149052688 5872692
35273350 149052766 6207904
35273418 149052852 6328284
35273481 149052947 6469036
35273541 149053050 6680164
35273596 149053160 6826472
35273644 149053276 6922776
35273683 149053396 6915368
35273713 149053519 688944
35273736 149053640 6754244
35273751 149053760 656534
35273758 149053877 6461628
35273759 149053990 627828
35273757 149054096 5968996
35273753 149054194 5576372
35273747 149054278 5113372
35273738 149054346 4285528
35273727 149054401 3552136
35273715 149054443 2955792
35273704 149054471 2174248
35273696 149054486 1489008
35273691 149054490 661164
35273689 149054489 22224
35273688 149054486 072228
35273679 149054476 3704
35273661 149054501 1331588
35273629 149054528 2274256
35273586 149054551 27317
35273530 149054572 3392864
35273462 149054590 4113292
35273385 149054604 4868908
35273302 149054613 53245
35273212 149054618 5596744
35273115 149054622 6106044
35273013 149054624 6619048
35272909 149054626 6706092
35272800 149054628 6969076
35272688 149054630 7254284
35272575 149054632 739874
35272461 149054634 7467264
35272347 149054636 7470968
35272234 149054638 7408
35272119 149054641 7476524
35272003 149054644 7570976
35271888 149054647 7585792
35271773 149054650 7539492
35271660 149054654 7504304
35271550 149054658 7400592
35271444 149054665 7106124
35271344 149054675 6817212
35271254 149054688 6339396
35271173 149054701 5706012
35271103 149054712 502818
35271047 149054718 4144776
35271002 149054718 3281744
35270961 149054708 2715032
35270918 149054688 2866896
35270871 149054667 3165068
35270818 149054662 339842
35270761 149054678 3698444
35270698 149054705 419478
35270631 149054730 4552216
35270557 149054749 4720748
35270477 149054765 513004
35270390 149054781 5543036
35270298 149054799 5952328
35270202 149054818 6344952
35270105 149054838 641718
35270004 149054860 6617196
35269902 149054884 6839436
35269797 149054911 6985744
35269691 149054939 7122792
35269581 149054971 728762
35269470 149055004 752838
35269359 149055038 7595052
35269248 149055073 7535788
35269135 149055111 7656168
35269021 149055150 7789512
35268906 149055192 7878408
35268793 149055235 7848776
35268681 149055279 7793216
35268570 149055325 7770992
35268459 149055372 7774696
35268348 149055421 7858036
35268238 149055471 7859888
35268129 149055523 779692
35268022 149055575 7728396
35267919 149055626 7513564
35267819 149055677 73154
35267721 149055726 711168
35267623 149055774 69913
35267525 149055822 7069084
35267428 149055869 7020932
35267332 149055915 686166
35267238 149055959 6804248
35267144 149056001 672276
35267049 149056040 6691276
35266954 149056076 6715352
35266862 149056110 6561636
35266769 149056140 63894
35266675 149056168 6450516
35266582 149056194 6541264
35266496 149056217 6298652
35266419 149056236 5559704
35266350 149056254 4950396
35266285 149056270 4644816
35266227 149056279 4270712
35266178 149056280 3705852
35266140 149056276 2909492
35266115 149056269 2303888
35266104 149056263 1205652
35266097 149056258 535228
35266087 149056253 498188
35266068 149056244 948224
35266037 149056232 1816812
35265997 149056217 252798
35265951 149056207 3040984
35265905 149056211 322248
35265864 149056236 3052096
35265833 149056280 3128028
35265819 149056339 3244704
35265827 149056410 3581768
35265854 149056489 4150332
35265886 149056572 4755936
35265915 149056662 4894836
35265939 149056761 5187452
35265958 149056868 5552296
35265972 149056984 5952328
35265981 149057106 635236
35265986 149057231 659312
35265988 149057360 6717204
35265990 149057493 698204
35265991 149057628 7237616
35265991 149057763 7243172
35265992 149057899 7265396
35265993 149058037 73617
35265993 149058176 74543
35265995 149058315 751912
35265997 149058455 7576532
35266001 149058595 7617276
35266007 149058735 7652464
35266014 149058876 7604312
35266022 149059018 7624684
35266032 149059158 7567272
35266043 149059297 7513564
35266056 149059436 7543196
35266069 149059574 7554308
35266084 149059711 7496896
35266099 149059846 7446892
35266115 149059982 7456152
35266130 149060119 7493192
35266144 149060252 7448744
35266158 149060377 718576
35266173 149060496 6774616
35266189 149060606 6480148
35266205 149060704 5894916
35266220 149060783 5087444
35266229 149060842 3955872
35266230 149060889 298172
35266218 149060928 2579836
35266190 149060959 2589096
35266145 149060979 287986
35266088 149060991 3603992
35266023 149061002 423182
35265951 149061014 4494804
35265870 149061027 506522
35265784 149061040 5668972
35265695 149061051 5791204
35265604 149061061 5976404
35265514 149061066 5928252
35265425 149061060 5863432
35265340 149061039 5748608
35265259 149061003 566712
35265186 149060950 5494884
35265119 149060882 5561556
35265059 149060801 5626376
35265006 149060711 5837504
35264956 149060615 5930104
35264907 149060517 6057892
35264858 149060417 609308
35264809 149060317 6152344
35264760 149060216 6133824
35264712 149060115 613938
35264664 149060015 6181976
35264616 149059913 6200496
35264568 149059813 6219016
35264520 149059713 6124564
35264471 149059614 61579
35264419 149059519 6141232
35264363 149059429 6091228
35264301 149059348 6048632
35264232 149059276 5980108
35264157 149059213 6020852
35264075 149059161 6081968
35263987 149059120 6178272
35263895 149059087 6339396
35263802 149059057 6374584
35263708 149059027 639866
35263613 149058997 6459776
35263517 149058966 6507928
35263422 149058935 6470888
35263327 149058902 6470888
35263231 149058869 6524596
35263135 149058836 6532004
35263040 149058804 6520892
35262946 149058772 6409772
35262851 149058739 6443108
35262756 149058706 6506076
35262663 149058673 6459776
35262570 149058642 6357916
35262475 149058618 6415328
35262378 149058605 6450516
35262280 149058600 6489408
35262184 149058597 6465332
35262089 149058594 6348656
35261997 149058590 6226424
35261910 149058587 5924548
35261828 149058583 566712
35261755 149058580 5193008
35261691 149058576 457444
35261635 149058574 4048472
35261589 149058572 3511392
35261554 149058572 2765036
35261531 149058571 2005716
35261517 149058571 1235284
35261510 149058571 716724
35261507 149058571 396328
35261507 149058572 164828
35261512 149058574 096304
35261504 149058574 322248
35261487 149058575 850068
35261468 149058585 1524196
35261447 149058612 188904
35261434 149058652 2164988
35261426 149058707 2644656
35261420 149058772 3255816
35261411 149058849 3841048
35261401 149058936 4446652
35261390 149059027 498188
35261379 149059122 4978176
35261367 149059221 525968
35261355 149059327 5594892
35261344 149059434 5867136
35261333 149059540 573194
35261321 149059648 5813428
35261309 149059752 575046
35261297 149059854 549118
35261285 149059957 548192
35261274 149060060 5580076
35261265 149060163 5600448
35261258 149060265 5568964
35261257 149060369 5572668
35261264 149060469 5570816
35261278 149060564 531524
35261297 149060653 5015216
35261322 149060738 4950396
35261349 149060814 4763344
35261375 149060878 4154036
35261402 149060933 3568804
35261430 149060987 336138
35261460 149061047 362992
35261487 149061115 3896608
35261515 149061189 419478
35261545 149061268 4479988
35261577 149061352 4774456
35261612 149061441 5070776
35261649 149061536 539858
35261688 149061635 5726384
35261724 149061735 58801
35261755 149061837 5817132
35261779 149061943 5930104
35261794 149062051 600048
35261802 149062160 6017148
35261801 149062267 5885656
35261793 149062369 5702308
35261775 149062469 5665268
35261749 149062566 5661564
35261715 149062661 5707864
35261677 149062757 5831948
35261636 149062853 59264
35261594 149062949 5943068
35261552 149063045 5931956
35261509 149063140 591714
35261467 149063234 5854172
35261428 149063327 5735644
35261391 149063422 5702308
35261358 149063521 5807872
35261333 149063626 5839356
35261318 149063735 5939364
35261310 149063847 6026408
35261307 149063963 6170864
35261309 149064082 6378288
35261312 149064202 6456072
35261316 149064324 6520892
35261320 149064448 669498
35261324 149064572 6752392
35261328 149064694 667646
35261332 149064814 6591268
35261336 149064934 6541264
35261341 149065053 6498668
35261345 149065172 6483852
35261350 149065289 6470888
35261353 149065405 6415328
35261357 149065521 635236
35261361 149065639 6415328
35261366 149065759 6543116
35261370 149065879 6582008
35261374 149065997 6515336
35261378 149066112 6415328
35261382 149066221 6202348
35261385 149066327 5826392
35261386 149066431 5748608
35261385 149066532 5665268
35261382 149066625 5344872
35261377 149066705 4791124
35261369 149066767 3928092
35261364 149066816 301876
35261368 149066859 2626136
35261390 149066895 2363152
35261430 149066921 2766888
35261481 149066936 322248
35261537 149066944 358362
35261590 149066948 36114
35261636 149066948 316692
35261675 149066950 2679844
35261706 149066958 2152024
35261730 149066978 1876076
35261748 149067015 2063128
35261763 149067064 2687252
35261779 149067117 2989128
35261797 149067169 3113212
35261815 149067214 2968756
35261830 149067249 2535388
35261842 149067278 1911264
35261845 149067306 161124
35261837 149067334 162976
35261820 149067359 1798292
35261797 149067378 1831628
35261773 149067397 1846444
35261748 149067415 1922376
35261725 149067429 1931636
35261707 149067433 1498268
35261696 149067431 924148
35261691 149067427 485224
35261687 149067424 225944
35261682 149067421 2315
35261676 149067417 392624
35261671 149067416 40744
35261668 149067415 25002
35261666 149067413 153716
35261665 149067411 109268
35261663 149067415 07408
35261668 149067421 114824
