35261642 149067414 068524
35261665 149067439 05556
35261667 149067414 159272
35261663 149067414 22224
35261659 149067417 24076
35261652 149067422 431516
35261642 149067431 66672
35261629 149067441 90748
35261615 149067452 1094532
35261602 149067467 117602
35261595 149067485 1133424
35261598 149067501 100934
35261607 149067511 909332
35261620 149067513 820436
35261637 149067506 896368
35261656 149067494 1226024
35261677 149067475 1377888
35261703 149067453 1776068
35261730 149067430 2039052
35261758 149067408 2068684
35261785 149067387 198164
35261810 149067369 1940896
35261827 149067356 1598276
35261839 149067347 992672
35261850 149067336 757468
35261861 149067317 1001932
35261866 149067286 1427892
35261860 149067249 1929784
35261846 149067209 2061276
35261828 149067165 2400192
35261809 149067118 26854
35261791 149067071 2698364
35261777 149067027 2613172
35261767 149066991 23613
35261762 149066968 165754
35261759 149066957 909332
35261757 149066946 48152
35261752 149066929 775988
35261737 149066910 1216764
35261709 149066897 1714952
35261673 149066893 2233512
35261632 149066891 244464
35261586 149066885 2857636
35261539 149066874 302802
35261498 149066860 300024
35261467 149066846 247242
35261445 149066832 1868668
35261428 149066815 1457524
35261415 149066788 1461228
35261409 149066748 1966824
35261410 149066697 243538
35261414 149066638 287986
35261419 149066571 3353972
35261422 149066495 375956
35261423 149066410 4209596
35261422 149066322 459296
35261419 149066232 4604072
35261415 149066136 4854092
35261411 149066035 5217084
35261406 149065933 5446732
35261402 149065832 5376356
35261397 149065731 5457844
35261392 149065631 5409692
35261388 149065533 5283756
35261384 149065437 5207824
35261380 149065341 5118928
35261376 149065245 5128188
35261372 149065145 5280052
35261368 149065045 538006
35261364 149064944 54634
35261360 149064843 5446732
35261357 149064743 54171
35261355 149064643 5439324
35261353 149064543 5431916
35261351 149064441 5487476
35261348 149064339 5530072
35261344 149064235 5622672
35261339 149064132 565786
35261334 149064031 5568964
35261330 149063930 54634
35261329 149063829 5476364
35261331 149063728 5489328
35261341 149063629 5446732
35261358 149063534 5394876
35261383 149063441 5318944
35261413 149063350 534302
35261448 149063261 5335612
35261486 149063173 5337464
35261526 149063084 5431916
35261568 149062994 5572668
35261611 149062902 5678232
35261653 149062809 56949
35261694 149062715 573194
35261734 149062619 5791204
35261771 149062524 5752312
35261801 149062424 571342
35261823 149062320 5804168
35261836 149062215 57875
35261841 149062109 5737496
35261839 149062004 5670824
35261828 149061903 559304
35261810 149061805 5493032
35261786 149061709 55097
35261755 149061616 5502292
35261720 149061524 5476364
35261683 149061433 5441176
35261645 149061343 5394876
35261606 149061250 5485624
35261567 149061157 5631932
35261527 149061062 56949
35261487 149060968 5706012
35261447 149060873 5718976
35261409 149060777 5726384
35261374 149060680 5744904
35261343 149060581 5744904
35261320 149060482 5720828
35261305 149060382 5687492
35261299 149060280 563008
35261301 149060177 563008
35261308 149060074 5596744
35261319 149059971 554674
35261332 149059869 5628228
35261344 149059767 5650452
35261357 149059665 567638
35261370 149059565 5594892
35261382 149059465 5524516
35261394 149059366 5455992
35261406 149059268 5383764
35261417 149059172 5381912
35261429 149059077 5205972
35261439 149058986 5135596
35261448 149058901 499114
35261456 149058826 4446652
35261463 149058761 3841048
35261468 149058706 3350268
35261478 149058660 2915048
35261498 149058624 2522424
35261527 149058602 2294628
35261568 149058593 2446492
35261620 149058591 2996536
35261681 149058593 3668812
35261746 149058598 4029952
35261818 149058603 4252192
35261895 149058609 4670744
35261974 149058615 4965212
35262056 149058621 5052256
35262138 149058626 520412
35262218 149058631 5202268
35262298 149058635 5113372
35262377 149058639 5063368
35262454 149058645 501892
35262531 149058655 4946692
35262609 149058673 5061516
35262686 149058696 5196712
35262763 149058721 5281904
35262841 149058748 5363392
35262917 149058776 5304128
35262993 149058806 5331908
35263069 149058836 5330056
35263144 149058865 5300424
35263219 149058892 5289312
35263294 149058919 5283756
35263369 149058945 5226344
35263443 149058971 5211528
35263518 149058997 5200416
35263592 149059025 516708
35263663 149059051 5081888
35263731 149059077 4848536
35263795 149059100 4479988
35263856 149059123 4344792
35263913 149059144 4174408
35263964 149059163 3811416
35264006 149059177 3298412
35264041 149059182 2674288
35264071 149059169 2264996
35264095 149059138 2226104
35264115 149059094 2487236
35264138 149059045 2881712
35264168 149058998 3128028
35264205 149058962 3239148
35264246 149058934 3076172
35264289 149058910 312062
35264329 149058885 3089136
35264366 149058855 300024
35264397 149058822 2890972
35264422 149058794 2581688
35264441 149058774 1937192
35264459 149058764 1440856
35264479 149058763 1344552
35264500 149058777 150938
35264522 149058806 1883484
35264546 149058843 2392784
35264577 149058881 2668732
35264615 149058918 2940976
35264659 149058951 3183588
35264708 149058977 3376196
35264759 149058998 3516948
35264809 149059017 3496576
35264858 149059038 3341008
35264904 149059062 3292856
35264949 149059090 3289152
35264992 149059124 326878
35265034 149059161 3294708
35265073 149059204 3376196
35265110 149059254 3516948
35265143 149059312 3637328
35265171 149059374 3828084
35265194 149059439 3857716
35265211 149059508 3820676
35265223 149059580 3937352
35265230 149059654 4002172
35265233 149059727 39355
35265233 149059798 3755856
35265227 149059867 3705852
35265213 149059932 362066
35265193 149059991 3411384
35265166 149060047 3413236
35265132 149060100 3439164
35265092 149060147 3557692
35265046 149060187 358362
35264998 149060222 3633624
35264951 149060254 3561396
35264910 149060282 3363232
35264878 149060303 2727996
35264858 149060315 1966824
35264844 149060319 1003784
35264826 149060318 90748
35264803 149060305 1363072
35264778 149060270 1987196
35264751 149060217 276874
35264718 149060149 3613252
35264682 149060073 434294
35264643 149059989 4646668
35264601 149059897 5183748
35264557 149059801 5591188
35264511 149059703 5691196
35264463 149059605 5881952
35264413 149059510 5928252
35264360 149059419 5859728
35264301 149059338 581528
35264235 149059270 5774536
35264165 149059211 5652304
35264090 149059162 5557852
35264007 149059123 5696752
35263920 149059090 5993072
35263830 149059059 6070856
35263740 149059029 6128268
35263650 149059000 614864
35263561 149058971 6081968
35263475 149058943 5946772
35263389 149058916 5857876
35263307 149058888 5774536
35263231 149058864 5467104
35263168 149058844 4774456
35263120 149058829 3746596
35263087 149058814 2742812
35263066 149058793 2081648
35263056 149058765 1726064
35263057 149058726 1826072
35263066 149058678 2322408
35263080 149058621 286134
35263097 149058554 3365084
35263116 149058482 386142
35263136 149058408 4063288
35263157 149058330 4209596
35263178 149058251 4346644
35263199 149058171 44448
35263220 149058090 4548512
35263240 149058011 4485544
35263260 149057934 437998
35263282 149057864 419478
35263310 149057804 3863272
35263349 149057756 3618808
35263398 149057724 3585472
35263452 149057710 3607696
35263508 149057712 3563248
35263567 149057724 3605844
35263630 149057739 3905868
35263696 149057755 4131812
35263764 149057772 4257748
35263830 149057790 4331828
35263896 149057810 4224412
35263959 149057836 4261452
35264018 149057871 417626
35264073 149057916 4159592
35264123 149057970 425034
35264166 149058033 4320716
35264203 149058104 4368868
35264237 149058178 4448504
35264269 149058255 4548512
35264301 149058332 4570736
35264333 149058409 4554068
35264365 149058485 460222
35264396 149058559 4485544
35264427 149058631 4365164
35264456 149058701 4320716
35264483 149058767 4131812
35264510 149058828 3874384
35264541 149058884 372252
35264581 149058933 3761412
35264632 149058973 3976244
35264690 149059003 413922
35264752 149059026 427812
35264814 149059047 427812
35264874 149059069 4113292
35264931 149059096 4061436
35264983 149059129 401884
35265026 149059164 3726224
35265061 149059198 3094692
35265091 149059231 2813188
35265112 149059258 2390932
35265125 149059276 1668652
35265131 149059286 977856
35265133 149059292 557452
35265134 149059295 3704
35265135 149059297 200016
35265135 149059300 196312
35265135 149059303 2778
35265134 149059306 131492
35265134 149059313 279652
35265135 149059322 575972
35265135 149059333 61116
35265132 149059343 624124
35265126 149059352 607456
35265118 149059358 62968
35265112 149059361 43522
35265109 149059362 220388
35265095 149059356 05556
35265107 149059347 112972
35265111 149059344 22224
35265115 149059340 3241
35265119 149059337 37966
35265121 149059335 281504
35265122 149059335 198164
35265124 149059327 28706
35265125 149059319 492632
35265124 149059313 464852
35265125 149059312 053708
35265130 149059324 346324
35265137 149059343 927852
35265149 149059369 1363072
35265162 149059404 1809404
35265175 149059449 2331668
35265187 149059498 2670584
35265198 149059554 2818744
35265207 149059618 3246556
35265214 149059688 3624364
35265216 149059761 3829936
35265214 149059834 3866976
35265206 149059903 3802156
35265189 149059969 3728076
35265164 149060031 3578064
35265132 149060087 3553988
35265094 149060136 3539172
35265051 149060177 3487316
35265008 149060212 3455832
35264966 149060242 322248
35264927 149060268 300024
35264893 149060289 279652
35264869 149060304 2300184
35264856 149060311 1355664
35264848 149060315 664868
35264840 149060323 559304
35264829 149060344 1033416
35264823 149060378 1701988
35264828 149060418 2085352
35264845 149060464 238908
35264870 149060517 2950236
35264901 149060578 3526208
35264937 149060648 4109588
35264976 149060721 4609628
35265017 149060793 456518
35265063 149060863 4678152
35265116 149060927 480594
35265174 149060983 4742972
35265239 149061029 4748528
35265309 149061064 4854092
35265383 149061086 4885576
35265460 149061098 4959656
35265538 149061097 4930024
35265618 149061089 50467
35265697 149061078 51393
35265776 149061066 5150412
35265856 149061054 5237456
35265934 149061044 5163376
35266007 149061035 4994844
35266074 149061026 4661484
35266131 149061019 41207
35266179 149061013 3372492
35266217 149061006 2831708
35266246 149061000 2270552
35266264 149060995 1635316
35266273 149060991 903776
35266284 149060983 625976
35266299 149060965 1159352
35266311 149060929 179644
35266315 149060880 242612
35266309 149060821 2822448
35266297 149060751 341694
35266280 149060670 4104032
35266262 149060579 4663336
35266243 149060481 519486
35266223 149060378 5431916
35266203 149060270 5652304
35266181 149060154 6137528
35266161 149060035 642644
35266142 149059913 649126
35266124 149059788 6650532
35266108 149059661 6802396
35266093 149059533 683388
35266081 149059406 679684
35266069 149059276 6883884
35266058 149059144 6989448
35266048 149059011 711168
35266039 149058879 7132052
35266031 149058746 7072788
35266024 149058613 7146868
35266018 149058480 7174648
35266014 149058347 7122792
35266011 149058215 7150572
35266009 149058082 7207984
35266009 149057952 7152424
35266009 149057822 70839
35266009 149057695 7015376
35266009 149057567 6941296
35266010 149057441 6957964
35266010 149057316 6869068
35266010 149057193 6856104
35266011 149057074 6607936
35266013 149056960 6372732
35266015 149056852 6146788
35266016 149056754 5670824
35266018 149056668 5015216
35266023 149056593 4344792
35266033 149056526 3863272
35266053 149056468 3524356
35266088 149056421 338916
35266141 149056388 3609548
35266206 149056363 4178112
35266280 149056338 4744824
35266358 149056312 521338
35266439 149056282 5281904
35266524 149056245 5633784
35266612 149056203 6033816
35266702 149056162 6207904
35266794 149056125 6170864
35266890 149056089 638014
35266989 149056053 6604232
35267091 149056016 6791284
35267195 149055976 6995004
35267301 149055933 7152424
35267405 149055887 7243172
35267510 149055838 7274656
35267613 149055789 7239468
35267717 149055740 7245024
35267822 149055691 7300584
35267927 149055641 7411704
35268032 149055591 7433928
35268137 149055541 7378368
35268242 149055493 7357996
35268347 149055446 739874
35268452 149055399 7357996
35268558 149055352 741726
35268665 149055307 7461708
35268772 149055263 7476524
35268880 149055221 7526528
35268989 149055182 7506156
35269098 149055144 7532084
35269207 149055107 7543196
35269315 149055073 7469116
35269422 149055039 7400592
35269530 149055006 7428372
35269639 149054974 750986
35269747 149054944 746356
35269854 149054916 7385776
35269961 149054889 7293176
35270067 149054863 7239468
35270171 149054840 7207984
35270269 149054821 6832028
35270363 149054807 6446812
35270452 149054797 613012
35270539 149054795 5828244
35270619 149054801 5631932
35270689 149054813 5044848
35270752 149054827 43522
35270812 149054843 4161444
35270869 149054857 3961428
35270924 149054858 3728076
35270979 149054841 369474
35271040 149054812 4087364
35271106 149054783 4554068
35271177 149054757 4905948
35271254 149054734 5063368
35271338 149054712 5530072
35271429 149054693 5993072
35271525 149054678 63894
35271623 149054668 6544968
35271724 149054661 66209
35271828 149054657 6857956
35271934 149054654 6978336
35272040 149054652 7002412
35272147 149054651 7007968
35272252 149054649 7006116
35272355 149054648 6904256
35272456 149054649 6728316
35272557 149054653 6578304
35272660 149054662 6724612
35272764 149054672 6865364
35272866 149054684 6761652
35272967 149054695 6654236
35273068 149054705 6674608
35273167 149054712 661164
35273262 149054716 6467184
35273351 149054718 61116
35273432 149054718 5693048
35273503 149054718 5124484
35273566 149054723 4437392
35273624 149054736 403736
35273677 149054756 3909572
35273726 149054781 375956
35273772 149054800 3492872
35273816 149054804 3170624
35273856 149054786 3031724
35273888 149054748 3107656
35273905 149054693 3128028
35273903 149054627 3337304
35273884 149054553 3729928
35273860 149054471 428738
35273840 149054384 4550364
35273825 149054290 4680004
35273814 149054187 5141152
35273805 149054078 5628228
35273798 149053966 579676
35273790 149053851 58801
35273779 149053734 6154196
35273763 149053617 6200496
35273743 149053500 6311616
35273716 149053385 6365324
35273683 149053271 6365324
35273644 149053161 6394956
35273599 149053054 6443108
35273549 149052951 6356064
35273493 149052853 6344952
35273432 149052762 6354212
35273366 149052676 6330136
35273297 149052598 6289392
35273226 149052526 6215312
35273157 149052461 6004184
35273095 149052403 5543036
35273042 149052352 497262
35272999 149052305 4285528
35272969 149052255 3598436
35272949 149052201 3363232
35272936 149052147 323174
35272919 149052098 3081728
35272890 149052062 2874304
35272848 149052044 2883564
35272796 149052032 3313228
35272737 149052013 3846604
35272677 149051982 4281824
35272615 149051940 4524436
35272553 149051889 4933728
35272491 149051838 5054108
35272429 149051790 4946692
35272366 149051746 4820756
35272303 149051703 482446
35272246 149051666 4644816
35272199 149051637 3798452
35272157 149051623 3137288
35272116 149051633 2727996
35272078 149051672 2979868
35272047 149051734 3485464
35272015 149051808 4085512
35271980 149051888 456518
35271944 149051971 4828164
35271909 149052059 4867056
35271876 149052153 517634
35271846 149052251 548192
35271817 149052350 5596744
35271789 149052448 550044
35271761 149052546 5502292
35271728 149052646 5633784
35271692 149052745 5765276
35271649 149052844 5911584
35271600 149052942 6069004
35271546 149053037 6122712
35271488 149053128 6124564
35271426 149053214 6109748
35271363 149053297 6135676
35271298 149053377 609308
35271235 149053455 603752
35271173 149053526 5791204
35271111 149053590 55097
35271044 149053642 5311536
35270973 149053684 5233752
35270898 149053713 5230048
35270818 149053729 533376
35270737 149053732 536154
35270655 149053722 538932
35270578 149053701 5337464
35270504 149053667 5141152
35270434 149053620 5068924
35270366 149053561 5298572
35270300 149053493 5496736
35270236 149053421 5624524
35270171 149053350 5633784
35270106 149053283 551896
35270036 149053221 5539332
35269961 149053166 5693048
35269882 149053120 5767128
35269799 149053079 5881952
35269716 149053041 5965292
35269633 149053003 586158
35269552 149052964 585232
35269474 149052923 5706012
35269402 149052875 5554148
35269338 149052815 53708
35269283 149052742 530598
35269241 149052658 5302276
35269213 149052563 5322648
35269196 149052461 5439324
35269187 149052356 5618968
35269179 149052250 5633784
35269172 149052146 5672676
35269163 149052045 5554148
35269149 149051946 544488
35269126 149051849 5404136
35269095 149051753 5465252
35269061 149051657 5567112
35269029 149051563 5498588
35269004 149051472 5350428
35268990 149051384 4994844
35268988 149051299 470408
35268996 149051219 4461468
35269015 149051144 4367016
35269041 149051081 4144776
35269068 149051033 3561396
35269094 149050998 2883564
35269115 149050970 2257588
35269129 149050940 1883484
35269129 149050901 2024236
35269113 149050853 2485384
35269084 149050798 322248
35269047 149050736 391698
35269004 149050672 4285528
35268954 149050605 4605924
35268897 149050537 5085592
35268834 149050471 54171
35268768 149050408 5487476
35268704 149050349 5498588
35268642 149050292 5272644
35268583 149050239 5024476
35268529 149050192 4761492
35268482 149050150 4211448
35268444 149050115 3663256
35268410 149050087 2937272
35268375 149050075 25928
35268339 149050084 2339076
35268303 149050119 2633544
35268266 149050171 3281744
35268226 149050233 3829936
35268182 149050302 4391092
35268136 149050375 4663336
35268093 149050452 4698524
35268052 149050535 4942988
35268014 149050622 5163376
35267983 149050709 50467
35267959 149050794 4811496
35267940 149050876 4678152
35267928 149050952 4405908
35267919 149051020 3942908
35267917 149051078 3496576
35267925 149051122 287986
35267947 149051148 2224252
35267984 149051158 2100168
35268031 149051157 2663176
35268085 149051153 3239148
35268142 149051150 35188
35268200 149051149 3568804
35268257 149051155 35651
35268312 149051172 3581768
35268364 149051204 3665108
35268409 149051252 3783636
35268445 149051311 3948464
35268472 149051379 397254
35268493 149051452 420404
35268512 149051525 4142924
35268532 149051601 42596
35268551 149051681 4498508
35268572 149051761 4581848
35268592 149051840 4542956
35268612 149051920 450962
35268631 149051999 4554068
35268647 149052076 4402204
35268656 149052152 4242932
35268655 149052226 410218
35268643 149052298 391698
35268622 149052370 39818
35268595 149052441 4155888
35268567 149052507 4098476
35268542 149052563 3624364
35268521 149052604 2890972
35268510 149052631 2048312
35268507 149052646 1159352
35268507 149052654 670424
35268508 149052658 440776
35268511 149052662 350028
35268515 149052667 392624
35268523 149052673 49078
35268532 149052679 672276
35268541 149052684 711168
35268547 149052688 544488
35268549 149052689 225944
35268549 149052688 051856
35268555 149052638 090748
